0.8906
0.81
0.8564
0.825
0.795
0.882
0.7793
0.733
0.885
0.826
0.886
0.874
0.9614
0.9473
0.918
0.806
0.7183
0.782
0.821
0.8154
0.949
0.914
0.9297
0.8506
0.835
0.889
0.8105
0.7573
0.7637
0.816
0.8535
0.8003
0.8
0.7676
0.7236
0.8228
0.722
0.7266
0.8745
0.8477
0.7573
0.831
0.7617
0.7656
0.839
0.879
0.7764
0.9004
0.752
0.827
0.712
0.7964
0.8296
0.8203
0.994
0.882
0.923
0.81
0.7803
0.753
0.6587
0.796
0.8506
0.828
0.8813
0.8193
0.8555
0.6826
0.889
0.9414
0.784
0.818
0.837
0.808
0.8564
0.7363
0.7305
0.639
0.791
0.917
0.8076
0.881
0.8203
0.81
0.837
0.75
0.795
0.7104
0.838
0.6636
0.878
0.907
0.8643
0.8955
0.956
0.8223
0.888
0.743
0.847
0.761
0.869
0.8936
0.704
0.7314
0.8916
0.838
0.7427
0.9136
0.8325
0.825
0.7754
0.911
0.818
0.8887
0.8496
0.8887
0.8535
0.708
0.888
0.7227
0.8477
0.8765
0.792
0.8257
0.8984
0.845
0.873
0.834
0.746
0.9277
0.8574
0.7705
0.7285
0.9336
0.8687
0.788
0.7246
0.912
0.689
0.8154
0.834
0.76
0.771
0.8247
0.766
0.7373
0.882
0.561
0.757
0.785
0.8486
0.799
0.7734
0.661
0.75
0.836
0.8438
0.8096
0.8086
0.9385
0.949
0.875
0.9365
0.7217
0.8066
0.8228
0.9224
0.7627
0.8555
0.769
0.758
0.7983
0.8076
0.888
0.7812
0.7124
0.6436
0.691
0.628
0.811
0.7666
0.8643
0.789
0.9106
0.71
0.876
0.7295
0.9287
0.829
0.753
0.785
0.699
0.684
0.8403
0.7686
0.645
0.8057
0.8667
0.7607
0.951
0.754
0.7188
0.9614
0.7217
0.707
0.7593
0.792
0.8765
0.7495
0.982
0.84
0.8516
0.825
0.7793
0.5327
0.5967
0.8555
0.958
0.837
0.8003
0.83
0.8613
0.8477
0.865
0.7666
0.672
0.859
0.8145
0.6987
0.884
0.789
0.7725
0.8247
0.7905
0.8027
0.743
0.82
0.746
0.9746
0.923
0.8027
0.899
0.7246
0.761
0.8506
0.7427
0.8877
0.762
0.8086
0.7856
0.854
0.8403
0.93
0.6973
0.7803
0.7334
0.903
0.7725
0.8257
0.8135
0.8906
0.783
0.935
0.8457
0.891
0.746
0.7666
0.7905
1.0
0.886
0.745
0.6
0.9307
0.925
0.6553
0.8257
0.7754
0.919
0.7812
0.9185
0.852
0.746
0.859
0.7427
0.935
0.7593
0.7173
0.6943
0.762
0.8174
0.8213
0.794
0.876
0.874
0.824
0.915
1.013
0.838
0.6895
0.8574
0.7207
0.9185
0.904
0.766
0.795
0.7363
0.898
0.725
0.705
0.912
0.8447
0.6987
0.769
0.7837
0.662
1.003
0.878
0.8184
0.8833
0.8643
0.913
0.8535
0.8496
0.84
0.7764
0.6787
0.8647
0.833
0.8296
0.759
0.8354
0.899
0.728
0.777
0.744
0.671
0.994
0.7515
0.942
0.9365
0.9736
0.8047
0.81
0.808
0.7373
0.855
0.8086
0.9624
0.8013
0.742
0.7666
0.845
0.8784
0.852
0.8613
0.6123
0.713
0.8306
0.7256
0.8486
0.8193
0.904
0.8076
0.76
0.868
0.838
0.766
0.8096
0.8276
0.7954
0.9717
0.786
0.7056
0.7275
0.907
0.9053
0.7886
0.7783
0.714
0.8296
0.7935
0.7754
0.7812
0.718
0.662
0.777
0.789
0.7607
0.8716
0.852
0.6343
0.956
0.6934
0.786
0.7646
0.8057
0.8647
0.792
0.9785
0.8813
0.8975
0.8936
0.79
0.8438
0.664
0.901
0.8516
0.7803
0.753
0.751
0.872
0.9043
0.893
0.903
0.761
0.762
0.8447
0.8223
0.7856
0.8276
0.838
0.8584
0.6733
0.757
0.6963
0.8545
0.785
0.6646
0.793
0.879
0.7256
0.737
0.942
0.82
0.735
0.764
0.8535
0.7524
0.672
0.849
0.7886
0.777
0.7705
0.849
0.904
0.7563
0.606
0.6494
0.8027
0.671
0.7725
0.704
0.7754
0.689
0.8604
0.849
0.742
0.841
0.708
0.799
0.92
0.777
0.749
0.7744
0.7075
0.751
0.798
0.885
0.857
0.589
0.896
0.9033
0.901
0.7744
0.9326
0.681
0.786
0.8037
0.8525
0.83
0.7173
0.8105
0.7837
0.8145
0.7393
0.8955
0.8145
0.7793
0.777
0.784
0.8467
0.7905
0.8926
0.556
0.828
0.8394
0.879
0.838
0.599
0.6733
0.8916
0.843
0.811
0.9077
0.7207
0.749
0.741
0.8887
0.662
0.8643
0.894
0.9253
0.8843
0.7256
0.85
0.901
0.7627
0.813
0.8564
0.718
0.8154
0.8213
0.8647
0.883
0.79
0.8535
0.761
0.8647
0.787
0.8135
0.8447
0.8403
0.7695
0.866
0.7964
0.8125
0.716
0.7637
0.896
0.891
0.7695
0.6445
0.8564
0.891
0.918
0.832
0.824
0.8696
0.832
0.876
0.7124
0.834
0.8066
0.727
0.7686
0.831
0.7886
0.7573
0.7075
0.834
0.799
0.797
0.849
0.642
0.7324
0.7036
0.8696
0.8247
0.909
0.759
0.9854
0.823
0.76
0.818
0.8057
0.9106
0.7383
0.8477
0.716
0.793
0.908
0.6787
0.756
0.683
0.7305
0.847
0.8013
0.7466
0.8193
0.6714
0.8467
0.7656
0.916
0.9443
0.755
0.791
0.799
0.764
0.787
0.9014
0.93
0.665
0.699
0.722
0.914
0.7676
0.8223
0.9272
0.7686
0.867
0.788
0.8296
0.777
0.753
0.7495
0.813
0.8477
0.8525
0.824
0.73
0.756
0.8467
0.8135
0.751
0.7495
0.792
0.91
0.7524
0.7734
0.8643
0.742
0.8604
0.8125
0.708
0.799
0.7573
0.865
0.8584
0.899
0.827
0.87
0.8745
0.787
0.788
0.75
0.7764
0.7866
0.7676
0.904
0.676
0.919
0.741
0.7075
0.801
0.7295
0.8613
0.758
0.823
0.7715
0.7617
0.7383
0.7856
0.912
0.7812
0.926
0.759
0.8516
0.8833
0.865
0.83
0.867
0.7417
0.898
0.8564
0.797
0.796
0.828
0.821
0.706
0.6934
0.831
0.6973
0.8833
0.8438
0.7954
0.7964
0.796
0.8936
0.8223
0.893
0.8564
0.794
0.815
0.728
0.833
0.7217
0.8228
0.826
0.8765
0.869
0.8564
0.728
0.826
0.83
0.912
0.67
0.7295
0.7383
0.883
0.7905
0.706
0.839
0.791
0.5605
0.7334
0.8584
0.671
0.9287
0.833
0.8115
0.835
0.965
0.829
0.828
0.8325
0.806
0.686
0.837
0.789
0.915
0.909
0.827
0.914
0.684
0.8164
0.818
0.845
0.7466
0.6587
0.8716
0.8354
0.908
0.8027
0.7236
0.8438
0.8193
0.6685
0.9473
0.754
0.82
0.7373
0.769
0.866
0.796
0.8066
0.831
0.8174
0.8213
0.791
0.788
0.8555
0.6567
0.841
0.867
0.781
0.8877
0.8003
0.921
0.9917
0.893
0.9307
0.8584
0.7324
0.7397
0.7656
0.854
0.869
0.7026
0.8247
0.784
0.891
0.922
0.8506
0.6343
0.7354
0.8403
0.7725
0.715
0.9785
0.8354
0.9185
0.84
0.76
0.841
0.7744
0.6113
0.8154
0.8154
0.883
0.7656
0.769
0.919
0.885
0.8037
0.8555
0.8105
0.7866
0.803
0.8916
0.789
0.7783
0.8813
0.741
0.9453
0.868
0.7783
0.833
0.7515
0.8223
0.7954
0.787
0.632
0.7964
0.9136
0.7236
0.8027
0.798
0.8066
0.543
0.868
0.8228
0.669
0.852
0.8887
0.833
0.6807
0.7764
0.7373
0.8794
0.8545
0.7817
0.864
0.733
0.811
0.974
0.8564
0.9204
0.8184
0.8013
0.805
0.787
0.9004
0.71
0.7837
0.901
0.7695
0.8247
0.799
0.7856
0.9033
0.869
0.746
0.9463
0.877
0.799
0.8496
0.9624
0.791
0.776
0.9224
0.882
0.744
0.7266
0.8857
0.757
0.6357
0.996
0.595
0.949
0.821
0.7803
0.7466
0.5947
0.759
0.9233
0.842
0.9136
0.795
0.821
0.8076
0.834
0.6787
0.845
0.8813
0.784
0.815
0.854
0.8906
0.6973
0.6484
0.8115
0.8145
0.9473
0.806
0.8354
0.8896
0.828
0.7793
0.6777
0.8936
0.883
0.8325
0.6914
0.7803
0.8745
0.8003
0.8223
0.8003
0.84
0.9985
0.8257
0.691
0.801
0.87
0.8584
0.659
0.7285
0.85
0.7056
0.794
0.7188
0.7725
0.8184
0.7324
0.823
0.8115
0.75
0.8013
0.808
0.8633
0.705
0.7676
0.8984
0.8223
0.8213
0.718
0.869
0.828
0.84
0.676
0.816
0.8545
0.841
0.8564
0.821
0.818
0.8765
0.87
0.8345
0.849
0.7417
0.872
0.805
0.833
0.8687
0.9272
0.8667
0.7617
0.654
0.7607
0.6743
0.746
0.791
0.842
0.7397
0.83
0.75
0.7373
0.96
0.8716
0.683
0.6665
0.722
0.8623
0.8643
0.7905
0.6455
0.866
0.799
0.7275
0.6787
0.762
0.686
0.711
0.723
0.7188
0.702
0.842
0.753
0.7188
0.7686
0.758
0.9673
0.872
0.7607
0.8784
0.838
0.73
0.982
0.607
0.815
0.8
0.816
0.8833
0.885
0.8555
0.7305
0.8984
0.728
0.8394
0.8164
0.718
0.8057
0.701
0.841
0.9805
0.9385
0.8496
0.815
0.7812
0.875
0.9336
0.743
0.808
0.782
0.7734
0.761
0.622
0.8354
0.783
0.7617
0.8643
0.704
0.792
0.91
0.831
0.658
0.7783
0.844
0.7236
0.8184
0.6523
0.711
0.783
0.756
0.91
0.748
0.7886
0.8125
0.8867
0.8564
0.808
0.821
0.828
0.755
0.874
0.8164
0.82
0.8306
0.783
0.874
0.8813
0.883
0.969
0.8486
0.715
0.968
0.911
0.747
0.784
0.4531
0.852
0.818
0.852
0.7646
1.012
0.8555
0.889
0.8994
0.808
0.7837
0.8057
0.6426
0.9307
0.83
0.96
0.813
0.824
0.9023
0.864
0.5938
0.879
0.6143
0.86
0.774
0.7715
0.786
0.791
0.8174
0.8135
0.8647
0.676
0.8296
0.7217
0.767
0.8623
0.917
0.881
0.8193
0.842
0.7207
0.818
0.857
0.8057
0.735
0.7856
0.718
0.8096
0.8345
0.9336
0.835
0.797
0.8604
0.869
0.784
0.5674
0.8477
0.7607
0.8306
0.8438
0.715
0.803
0.769
0.621
0.8647
0.8545
0.899
0.953
0.8066
0.8
0.589
0.7725
0.706
0.7803
0.835
0.779
0.7773
0.7637
0.741
0.844
0.8496
0.9175
0.849
0.8965
0.74
0.791
0.7764
0.816
0.538
0.866
0.796
0.7075
0.8174
0.758
0.803
0.8047
0.8438
0.9443
0.7266
0.7344
0.86
0.8047
0.7344
0.789
0.964
0.7207
0.886
0.811
0.826
0.743
0.7607
0.554
0.9365
0.7856
0.7173
0.747
0.785
0.8477
0.782
0.803
0.787
0.634
0.8945
0.693
0.956
0.689
0.9517
0.9463
0.915
0.756
0.925
0.8203
0.764
0.885
0.811
0.92
0.8325
0.8257
0.823
0.842
0.9595
0.701
0.7905
0.723
0.8184
0.816
0.867
0.728
0.855
0.832
0.7764
0.811
0.652
0.81
0.8457
0.826
0.6533
0.7646
0.8403
0.963
0.756
0.7915
0.5464
0.799
0.787
0.7783
0.8076
0.8086
0.8696
0.9272
0.948
0.8027
0.7173
0.8887
0.838
0.7646
0.7773
0.642
0.7104
0.7744
0.898
0.761
0.67
0.7856
0.746
0.679
0.6245
0.7007
0.7393
0.854
0.872
0.828
0.704
0.8687
0.981
0.8105
0.82
0.742
0.88
0.8555
0.8467
0.718
0.7773
0.6567
0.914
0.803
0.937
0.88
0.747
0.806
0.955
0.8394
0.862
0.9434
0.7344
0.948
1.025
0.799
0.8813
0.88
0.7183
0.8687
0.9497
0.92
0.9375
0.911
0.689
0.791
0.799
0.735
0.8633
0.782
0.748
0.7515
0.717
0.9824
0.9272
0.8447
0.825
0.7705
0.7544
0.8203
0.8394
0.6875
0.759
0.7915
0.9307
0.792
0.6494
0.693
0.716
0.8887
0.732
0.908
0.732
0.642
0.8496
0.7935
0.8467
0.7686
0.9424
0.7964
0.829
0.7266
0.7627
0.832
0.825
0.889
0.87
0.779
0.8047
0.8247
0.842
0.7705
0.7227
0.8438
0.8115
0.7744
0.7207
0.789
0.8057
0.8184
0.766
0.857
0.7935
0.857
0.866
0.6855
0.741
0.816
0.7524
0.6846
0.753
0.744
0.839
0.7354
0.71
0.79
0.8203
0.764
0.781
0.8545
0.869
0.6562
0.8354
0.783
0.746
0.8647
0.8745
0.556
0.8555
0.742
0.781
0.884
0.781
0.83
0.907
0.8877
0.6665
0.9043
0.837
0.669
0.7773
0.6875
0.806
0.8354
0.8164
0.717
0.7817
0.7656
0.8115
0.81
0.8716
0.6504
0.7695
0.8213
0.7383
0.9688
0.849
0.7197
0.837
0.7383
0.927
0.9287
0.8604
0.732
0.824
0.832
0.5947
0.9023
0.75
0.787
0.66
0.7466
0.9087
0.832
0.8037
0.722
0.7373
0.8306
0.8374
0.7915
0.764
0.8926
0.9106
0.622
0.789
0.5176
0.919
0.8457
0.8345
0.9053
0.747
0.912
0.73
0.971
0.8223
0.704
0.7803
0.7134
0.8135
0.877
0.7764
0.8213
0.8984
0.8374
0.811
0.673
0.8296
0.6523
0.8076
0.875
0.7856
0.843
0.8784
0.6865
0.5303
0.7886
0.796
0.894
0.8027
0.877
0.806
0.757
0.837
0.908
0.8975
0.7544
0.88
0.838
0.864
0.857
0.8545
0.7866
0.7695
0.7383
0.7886
0.841
0.884
0.793
0.8467
0.7686
0.7705
0.8076
0.798
0.6924
0.747
0.916
0.7754
0.9077
0.86
0.891
0.7886
0.821
0.8477
0.8374
0.907
0.835
0.862
0.953
0.823
0.793
0.7236
0.7754
0.833
0.679
0.8926
0.8696
0.7393
0.732
0.7227
0.6646
0.788
0.9126
0.925
0.904
0.815
0.8164
0.844
0.801
0.8145
0.785
0.725
0.794
0.7715
0.8794
0.884
0.794
0.7524
0.7793
0.8423
0.7886
0.8516
0.838
0.885
0.8037
0.76
0.7236
0.84
0.792
0.849
0.868
0.7383
0.8276
0.911
0.928
0.7515
0.8354
0.8438
0.879
0.92
0.6714
0.7817
0.9175
0.7905
0.67
0.7104
0.8354
0.8096
0.904
0.747
0.845
0.875
0.681
0.84
0.821
1.0
0.904
0.9453
0.8457
0.6533
0.86
0.698
0.8096
0.728
0.875
0.741
0.826
0.785
0.8096
0.7393
0.862
0.8438
0.9434
0.718
0.88
0.797
0.907
0.7495
0.8057
0.798
0.84
0.6934
0.8086
0.855
0.8667
0.8906
0.835
0.7207
0.845
1.008
0.8066
0.9204
0.847
0.7183
0.9443
0.7856
0.8003
0.8687
0.745
0.8926
0.886
0.9707
0.909
0.977
0.745
0.8833
0.7383
0.7764
0.836
0.791
0.854
0.8306
0.776
0.6733
0.6616
0.7593
0.889
0.717
0.8228
0.5405
0.787
0.7515
0.769
0.629
0.8604
0.847
0.792
0.7354
0.954
0.803
0.7715
0.842
0.9385
0.8003
0.767
0.8125
0.868
0.922
0.7476
0.906
0.6255
0.8438
0.9443
0.7964
0.82
0.7544
0.805
0.9043
0.8843
0.873
0.842
0.759
0.786
0.877
0.7734
0.827
0.759
0.7573
0.8623
0.6636
0.8145
0.8667
0.8325
0.8716
0.5967
0.9434
0.791
0.647
0.8345
0.772
0.766
0.8057
0.888
0.9155
0.679
0.855
0.8984
0.926
0.785
0.899
0.876
0.8013
0.774
0.6973
0.7744
0.799
0.875
0.906
0.6597
0.818
0.7983
0.8574
0.8125
0.8
0.8213
0.793
0.9033
0.824
0.7734
0.8374
0.7666
0.8975
0.9272
0.9443
0.801
0.751
0.826
0.832
0.66
0.741
0.8223
0.7397
0.6816
0.6978
0.9043
0.728
0.542
0.841
0.793
0.7954
0.831
0.919
0.857
0.8477
0.8516
0.9336
0.823
0.8154
0.7153
0.746
0.708
0.823
0.7007
0.8496
0.728
0.7617
0.7715
0.8003
0.845
0.8643
0.785
0.711
0.7246
0.8296
0.7217
0.686
0.8276
0.72
0.712
0.6807
0.759
0.728
0.745
0.79
0.664
0.732
0.66
0.6865
0.79
0.7515
0.7275
0.709
0.678
0.75
0.7007
0.774
0.7373
0.626
0.65
0.7954
0.735
0.677
0.829
0.7183
0.6846
0.776
0.767
0.8906
0.7627
0.705
0.786
0.795
0.7334
0.839
0.767
0.9673
0.735
0.9185
0.8403
0.991
0.8325
0.894
0.7256
0.922
0.7886
0.859
0.9185
0.921
0.912
0.8228
0.7173
0.8574
0.977
0.9014
0.8555
0.74
0.7646
0.942
0.893
0.659
0.867
0.7515
0.921
0.7275
0.592
0.9004
0.921
0.7734
0.7817
0.735
0.707
0.7705
0.8486
0.872
0.797
0.8604
0.796
0.7524
0.8135
0.813
0.827
0.8296
0.791
0.7764
0.82
0.754
0.7466
0.8115
0.6855
0.8457
0.7373
0.696
0.7
0.8765
0.798
0.8193
0.8516
0.87
0.782
0.7153
0.7383
0.7803
0.9126
0.883
0.997
0.8394
0.8623
0.8125
0.792
0.7715
0.8496
0.879
0.876
0.8887
0.917
0.7007
0.871
0.9233
0.7646
0.785
0.8296
0.9233
0.841
0.7207
0.8955
0.7725
0.8784
0.7676
0.7764
0.908
0.779
0.8438
0.7754
0.8184
0.7734
0.6597
0.6733
0.8193
0.7627
0.6836
1.031
0.8765
0.7134
0.926
0.878
0.8306
0.7188
0.6953
0.73
0.7866
0.806
0.704
0.7715
0.859
0.911
0.8296
0.708
0.7153
0.894
0.798
0.8506
0.7695
0.9727
0.8735
0.802
0.859
0.756
0.8076
0.7153
0.8213
0.8496
0.7886
0.7983
0.8477
0.8438
0.738
0.7173
0.7524
0.9033
0.7954
0.7705
0.7246
0.888
0.8867
0.705
0.7886
0.9224
0.8843
0.893
0.852
0.811
0.838
0.9346
0.6963
0.7666
0.7773
0.8276
0.655
0.7817
0.7266
0.718
0.854
0.906
0.792
0.8184
0.7397
0.744
0.8037
0.826
0.757
0.891
0.9277
0.837
0.823
0.8955
0.9053
0.7295
0.7476
0.901
0.7886
0.825
0.8135
0.7686
0.791
0.8193
0.865
0.991
0.935
0.8643
0.8745
0.8135
0.742
0.9443
0.8325
0.8164
0.831
0.7495
0.798
0.6113
0.8086
0.7954
0.8296
0.79
0.811
0.849
0.842
0.8867
0.7393
0.712
0.7954
0.8877
0.74
0.869
0.884
0.8105
0.674
0.84
0.8184
0.8438
0.925
0.844
0.9277
0.769
0.879
0.886
0.7764
0.871
0.7837
0.885
0.7812
0.8057
0.8296
0.8843
1.013
0.849
0.5425
0.776
0.782
0.7217
0.6875
0.7637
0.9014
0.7314
0.8643
0.758
0.992
0.793
0.85
0.7544
0.8125
0.761
0.8496
0.9697
0.8765
0.849
0.7446
0.741
0.7817
0.6846
0.7646
0.671
0.818
0.674
0.793
0.882
0.7646
0.915
0.8115
0.8184
0.7056
0.6465
0.849
0.7886
0.881
0.8047
0.781
0.753
0.8213
0.745
0.854
0.806
0.867
0.6807
0.9175
0.9575
0.955
0.845
0.9355
0.784
0.883
0.8867
0.7007
0.7812
0.7593
0.893
0.889
0.899
0.8696
0.836
0.788
0.758
0.899
0.827
0.826
0.8354
0.8867
0.801
0.808
0.8013
0.8975
0.8105
0.8975
0.958
0.7476
0.771
0.855
0.96
0.8057
0.7886
0.844
0.6694
0.744
0.738
0.8643
0.821
0.749
0.709
0.83
0.741
0.8477
0.75
0.5776
0.9077
0.753
0.691
0.882
0.62
0.8213
0.8916
0.835
0.915
0.7646
0.7666
0.757
0.7227
0.7646
0.9053
0.8975
0.642
0.8003
0.8716
0.712
0.7856
0.859
0.8306
0.859
0.8174
0.7734
0.792
0.757
0.787
0.802
0.8105
0.8096
0.8994
0.874
0.805
0.6797
0.661
0.623
0.831
0.8066
0.9014
0.8965
0.8574
0.7104
0.859
0.5854
0.8423
0.796
0.745
0.6533
0.79
0.7617
0.883
0.785
0.738
0.6953
0.745
0.8574
0.842
0.8887
0.877
0.758
0.824
0.869
0.818
0.821
0.7964
0.8154
0.9062
0.7354
0.7725
0.874
0.7705
0.5996
0.795
0.9395
0.7153
0.881
0.93
0.911
0.8096
0.8906
1.071
0.7246
0.955
0.757
0.761
0.6504
0.8525
0.5635
0.826
0.8477
0.906
0.84
0.794
0.96
0.674
0.762
0.693
0.673
1.032
0.835
0.8223
0.831
0.838
0.675
0.8057
0.781
0.7983
0.9375
0.827
0.8403
0.8184
0.908
0.4927
0.7866
0.854
0.8574
0.914
0.821
0.8784
0.869
0.9126
0.7754
0.6343
0.827
0.793
0.788
0.76
0.764
0.7725
0.785
0.789
0.862
0.755
0.834
0.834
0.7227
0.8438
0.886
0.83
0.8477
0.782
0.8735
0.825
0.624
0.7793
0.7935
0.8037
0.8296
0.7905
0.6484
0.9185
0.7705
0.7715
0.7036
0.826
0.865
0.6953
0.876
0.835
0.811
0.832
0.8164
0.867
0.872
0.738
0.6255
0.6587
0.8203
0.803
0.7515
0.611
0.832
0.7793
0.8887
0.835
0.7334
0.842
0.841
0.8765
0.873
0.816
0.87
0.92
0.8047
0.8037
0.811
0.878
0.811
0.9004
0.8154
0.958
0.7734
0.7495
0.7173
0.8306
0.742
0.7705
0.852
0.821
0.7417
0.87
0.945
0.834
0.8213
0.8477
0.8984
0.7393
0.7227
0.808
0.658
0.7593
1.015
0.9795
0.795
0.837
0.838
0.79
0.772
0.8047
0.8184
0.723
0.9014
0.6587
0.7886
0.761
0.844
0.8594
0.8896
0.865
0.8945
0.93
0.881
0.869
0.862
0.756
0.834
0.8027
0.6406
0.6978
0.8594
0.8555
0.771
0.7725
0.833
0.8193
0.8115
0.8643
0.694
0.8057
0.8296
0.9307
0.8223
0.7173
0.901
0.899
0.845
0.757
0.888
0.6924
0.7983
0.967
0.782
0.8184
0.7817
0.701
0.9004
0.8276
0.7725
0.9077
0.5854
0.87
0.908
0.74
0.842
0.7246
0.781
0.759
0.865
0.8555
0.8213
0.8604
0.93
0.8867
0.7646
0.8857
0.801
0.7783
0.843
0.813
0.7124
0.8696
0.6855
0.7886
0.8145
0.7983
0.7188
0.9233
0.799
0.831
0.842
0.823
0.713
0.5225
0.654
0.8813
0.7734
0.6396
0.824
0.867
0.857
0.9087
0.6504
0.8486
0.7856
0.867
0.8276
0.6206
0.962
0.678
0.8
0.723
0.6973
0.7964
0.8477
0.764
0.8086
0.772
0.96
0.7935
0.8213
0.826
0.8945
0.894
0.791
0.9136
0.886
0.956
0.8613
0.8203
0.834
0.838
0.8506
0.708
0.904
0.8604
0.862
0.8228
0.7744
0.837
0.8276
0.9175
0.844
0.8647
0.7983
0.7188
0.919
1.014
0.7373
0.7104
0.7627
0.87
0.888
0.927
0.8926
0.9297
0.874
0.842
0.843
0.8535
0.8633
0.7866
0.7324
0.779
0.797
0.7524
0.7075
0.6416
0.9644
0.713
0.8096
0.8423
0.8403
0.761
0.867
0.8643
0.86
0.6514
0.735
0.859
0.935
0.805
0.847
0.795
0.7334
0.932
0.8394
0.669
0.715
0.588
0.8
0.6836
0.818
0.789
0.799
0.849
0.852
0.85
0.8013
0.8037
0.7954
0.678
0.8145
0.737
0.7866
0.876
0.8887
0.7905
0.958
0.84
0.794
0.746
0.8203
0.85
0.8223
0.764
0.836
0.862
0.8213
0.866
0.8115
0.889
0.767
0.669
0.747
0.794
0.917
0.801
0.7285
0.922
0.76
0.791
0.8975
0.971
0.7446
0.9136
0.806
0.872
0.7793
0.699
0.7354
0.8247
0.815
0.6763
0.9004
0.534
0.833
0.8027
0.797
0.591
0.885
0.789
0.83
0.598
0.756
0.8228
0.8843
0.712
0.877
0.964
0.799
0.786
0.7524
0.792
0.627
0.8584
0.8145
0.8203
0.9297
0.7676
0.7915
0.8877
0.793
0.8174
0.832
0.838
0.951
0.7007
0.935
0.834
0.715
0.7173
0.894
0.7563
0.7104
0.7324
0.8486
0.8438
0.8345
0.8174
0.831
0.961
0.8306
0.797
0.6904
0.8965
0.835
0.7007
0.8345
0.7314
0.624
0.8633
0.859
0.821
1.004
0.8203
0.8276
0.6367
0.659
0.8647
0.8164
0.828
0.8003
0.857
0.8477
0.6846
0.868
0.8193
0.8594
0.799
0.811
0.661
0.6636
0.8115
0.8325
0.7803
0.7246
0.9204
0.7983
0.794
0.7295
0.757
0.9375
0.741
0.7837
0.683
0.841
0.8325
0.5244
0.8584
0.8843
0.8257
0.8257
0.865
0.6807
0.7383
0.832
0.7866
0.849
0.8345
0.764
0.881
0.5806
0.8184
0.796
0.7236
0.747
0.883
0.783
0.8735
0.791
0.7886
0.7363
0.7607
0.829
0.8257
0.917
0.924
0.8813
0.883
0.7803
0.7837
0.8506
0.789
0.82
0.795
0.6616
0.889
0.766
0.8535
0.54
0.836
0.7393
0.8257
0.66
0.696
0.728
0.7764
0.8
0.8613
0.756
0.725
0.7686
0.844
0.6426
0.903
0.9326
0.7036
0.8394
0.84
0.678
0.7754
0.878
0.8447
0.844
0.8125
0.7217
0.776
0.757
0.8247
0.7705
0.5845
0.7646
0.88
0.743
0.7124
0.9346
0.769
0.82
0.9404
0.67
0.8936
0.8213
0.8936
0.9272
0.621
0.616
0.992
0.883
0.867
0.8735
0.7666
0.9673
0.8467
0.8447
0.871
0.826
0.791
0.824
0.783
0.701
0.821
0.882
0.8735
0.7466
0.965
0.769
0.9814
0.7607
0.8833
0.8154
0.8687
0.806
0.806
0.785
0.826
0.833
0.8184
0.741
0.7656
0.7812
0.9424
0.835
0.735
0.8457
0.886
0.758
0.6987
0.7935
0.7812
0.8457
0.766
0.8545
0.7983
0.823
0.8477
0.6934
0.84
0.838
0.7935
0.7617
0.7085
0.691
0.906
0.825
0.7217
0.7905
0.788
0.8687
0.824
0.8003
0.771
0.6865
0.824
0.6978
1.048
0.583
0.798
0.7915
0.866
0.818
0.7915
0.5586
0.7866
0.839
0.7705
0.675
0.813
0.7783
0.7183
0.8457
0.8516
0.8545
0.855
0.9463
0.8857
0.783
0.862
0.8174
0.854
0.8945
0.99
0.866
0.7886
0.8228
0.7637
0.708
0.779
0.644
0.8735
0.7256
0.7134
0.7007
0.9004
0.847
0.796
0.63
0.8833
0.8223
0.7817
0.7104
0.8447
0.9126
0.9062
0.838
0.94
0.8257
0.8423
0.925
0.8345
0.873
0.774
0.935
0.7817
0.6367
0.717
0.7715
0.8564
0.843
0.909
0.801
0.821
0.774
0.84
0.945
0.694
0.6743
0.8784
0.8833
0.8354
0.786
0.884
0.801
0.7466
0.6045
0.9106
0.735
0.841
0.8003
0.8115
0.791
0.8584
0.883
0.806
0.806
0.7524
0.795
0.7837
0.733
0.612
0.888
0.818
0.942
0.7305
0.7964
0.7734
0.8457
0.7383
0.7734
0.691
0.85
0.7646
0.728
0.65
0.7344
0.6567
0.6943
0.7764
0.6865
0.72
0.8296
0.874
0.8633
0.8867
0.779
0.706
0.803
0.787
0.7637
0.8623
0.7715
0.8184
0.907
0.6855
0.7676
0.831
0.874
0.72
0.79
0.918
0.8467
0.9004
0.8027
0.616
0.741
0.7607
0.573
0.9336
0.806
0.753
0.925
0.859
0.699
0.912
0.867
0.5425
0.789
0.7354
0.9307
0.9336
0.832
0.8247
0.8496
0.795
0.794
0.845
0.749
0.8164
0.8027
0.889
0.8477
0.8613
0.644
0.806
0.762
0.843
0.56
0.855
0.7734
0.722
0.8584
0.943
0.6763
0.842
0.8
0.832
0.7188
0.823
0.8633
0.8105
0.777
0.839
0.7
0.8784
0.789
0.7964
0.761
0.839
0.755
0.854
0.876
1.02
0.6357
0.881
0.903
0.7705
0.881
0.8633
0.7744
0.8633
0.6836
0.7915
0.8687
0.7266
0.792
0.898
0.7305
0.6094
0.7954
0.633
0.71
0.803
0.8403
0.93
0.803
0.7915
0.882
0.986
0.795
0.6973
0.857
0.813
0.6826
0.805
0.9517
0.8506
0.826
0.831
0.747
0.879
0.8066
0.8066
0.7373
0.8057
0.8057
0.83
0.767
0.7188
0.8843
0.779
0.8696
0.6807
0.8306
0.847
0.8477
0.873
0.7314
0.81
0.601
0.84
0.7754
0.8447
0.7637
0.7856
0.6357
0.715
0.927
0.792
0.8833
0.7793
0.6416
0.8765
0.868
0.9277
0.8228
0.788
0.811
0.7383
0.8984
0.8564
0.629
0.8086
0.649
0.79
0.8003
0.8896
0.8394
0.8945
0.784
0.6826
0.844
0.84
0.885
0.7837
0.824
0.815
0.8047
0.906
0.8525
0.883
0.8164
0.9463
0.854
0.7705
0.749
0.864
0.7725
0.776
0.801
0.928
0.864
0.841
0.716
0.8057
0.811
0.7305
0.845
0.7886
0.918
0.664
0.8496
0.7715
0.886
1.004
0.8325
0.91
0.869
0.8667
0.766
0.829
0.742
0.919
0.8115
0.673
0.7285
0.795
0.767
0.8877
0.8784
0.7817
0.7607
0.783
0.761
0.818
0.794
0.8257
0.818
0.8857
0.789
0.8257
0.7983
0.9053
0.76
0.8105
0.572
0.7656
0.9033
0.828
0.9126
0.732
0.7656
0.8306
0.826
0.737
0.865
0.743
0.723
0.889
0.823
0.871
0.624
0.9014
0.715
0.786
0.9355
0.693
0.795
0.7373
0.7075
0.7285
0.749
0.7803
0.776
0.671
0.7515
0.753
0.8086
0.788
0.8013
0.7544
0.785
0.5635
0.834
0.885
0.709
0.9224
0.808
0.877
0.808
0.8667
0.752
0.83
0.567
0.9575
0.681
0.835
0.855
0.872
0.7607
0.735
0.85
0.868
0.7773
0.85
0.633
0.8633
0.8447
0.874
0.7646
0.8594
0.712
0.867
0.8916
0.7607
0.8
0.864
0.9614
0.755
0.8184
0.659
0.728
0.7783
0.8105
0.873
0.7173
0.8193
0.8447
0.718
0.8276
0.7393
0.8486
0.659
0.901
0.693
0.8076
0.777
0.844
0.718
0.805
0.9688
0.718
0.8145
0.8496
0.875
0.7676
0.689
0.676
0.751
0.7656
0.6816
0.8154
0.75
0.868
0.893
0.8354
0.7324
0.8105
0.864
0.709
0.8105
0.73
0.864
0.818
0.7607
0.75
0.868
0.8945
0.8535
0.8965
0.9565
0.527
0.769
0.872
0.855
0.7627
0.528
0.725
0.797
0.8525
0.837
0.82
0.769
0.8843
0.7954
0.787
0.834
0.728
0.666
0.7417
0.7563
0.877
0.769
0.75
0.83
0.686
0.99
0.6587
0.8813
0.8076
0.7837
0.8994
0.6567
0.7393
0.711
0.834
0.709
0.842
0.9766
0.8374
0.903
0.7104
0.842
0.7124
0.8076
0.802
0.684
0.849
0.7686
0.8057
0.792
0.7856
0.794
0.7324
0.7773
0.855
0.875
0.75
0.854
0.825
0.7754
0.8027
0.919
0.7734
0.8193
0.8105
0.714
0.8115
0.6895
0.754
0.7817
0.827
0.8154
0.837
0.825
0.903
0.811
0.911
0.938
0.772
0.87
0.668
0.87
0.7715
0.844
0.7036
0.8936
0.6763
0.6455
0.733
0.8057
0.728
0.815
0.626
0.83
0.771
0.8193
0.8857
0.5757
0.784
0.756
0.72
0.6074
0.8516
0.6323
0.8447
0.748
0.8096
0.8887
0.8213
0.7773
0.569
0.7676
0.788
0.85
0.712
0.8857
0.8037
0.805
0.806
0.824
0.8687
0.7183
0.857
0.894
0.741
0.9023
0.8975
0.7837
0.6445
0.88
0.7007
0.796
0.8203
0.7056
0.702
0.824
0.869
0.9106
0.632
0.889
0.935
0.792
0.8857
0.8936
0.7617
0.821
0.8306
0.8896
0.774
0.7217
0.6924
0.859
0.7734
0.891
0.789
0.7793
0.7134
0.6074
0.7837
0.864
0.733
0.743
0.8013
0.907
0.684
0.629
0.752
0.7153
0.8643
0.722
0.784
0.885
0.784
0.829
0.84
0.8154
0.751
0.7915
0.7173
0.7397
0.7637
0.679
0.7334
0.898
0.8945
0.886
0.7183
0.9385
0.8545
0.5366
0.7
0.8574
0.986
0.7754
0.618
0.828
0.7197
0.844
0.8306
0.654
0.766
0.686
0.7524
0.786
0.8145
0.737
0.8047
0.8325
0.783
0.84
0.8623
0.883
0.63
0.868
0.8735
0.716
0.833
0.899
0.725
0.8647
0.738
0.911
0.782
0.794
0.791
0.7905
0.792
0.7686
0.7905
0.6763
1.002
0.8623
0.6245
0.7676
0.792
0.79
0.8525
0.798
0.832
0.9404
0.8125
0.588
0.9155
0.761
0.7495
0.7783
0.8506
0.8003
0.7446
0.865
0.8696
0.742
0.803
0.9053
0.924
0.7617
0.777
0.707
0.745
0.7793
0.9253
0.7935
0.9033
0.609
0.649
0.708
0.722
0.837
0.75
0.883
0.8374
0.866
0.7773
0.9644
0.797
0.7803
0.762
0.811
0.7812
0.7812
0.836
0.9224
0.8096
0.661
0.6943
0.6943
0.749
0.676
0.629
0.881
0.7646
0.969
0.7734
0.92
0.782
0.7764
0.7036
0.5303
0.676
0.9155
0.7886
0.8325
0.8247
0.699
0.784
0.706
0.9297
0.839
0.6445
0.7515
0.865
0.7188
0.8354
0.5884
0.9043
0.587
0.818
0.7515
0.7227
0.798
0.9106
0.7856
0.967
0.7295
0.901
0.7104
0.845
0.7275
0.82
0.759
0.8213
0.8906
0.746
0.865
0.868
0.7515
0.6406
0.792
0.611
0.836
0.8174
0.7324
0.803
0.6616
0.9087
0.8354
0.833
0.9155
0.8506
0.884
0.767
0.811
0.756
0.793
0.759
0.743
0.7856
0.877
0.827
0.7227
0.855
0.831
0.796
0.84
0.6543
0.766
0.843
0.644
0.7134
0.6396
0.7705
0.801
0.965
0.879
0.8345
0.614
0.82
0.796
0.8613
0.7393
0.758
0.791
0.758
0.904
0.733
0.7656
0.9365
0.8867
0.6763
0.7676
0.8843
1.018
0.9062
0.907
0.865
0.8135
0.789
0.8066
0.785
0.757
0.792
0.795
0.7954
0.9688
0.8784
0.6836
0.654
0.6245
0.753
0.7783
0.832
0.6885
0.8555
0.8477
0.6562
0.7305
0.954
0.854
0.8213
0.835
0.5967
0.961
0.8086
0.8403
0.86
0.921
0.841
0.799
0.7866
0.73
0.808
0.879
0.7935
0.8
0.7593
0.875
0.6616
0.796
0.728
0.662
0.758
0.8877
0.753
0.8467
0.9546
0.8135
0.728
0.8213
0.93
0.865
0.8174
0.8145
0.616
0.8467
0.8716
0.9004
0.7104
0.7817
0.818
0.8613
0.7856
0.752
0.787
0.9414
0.889
0.8003
0.792
0.85
0.7593
0.8257
0.6255
0.8086
0.867
0.811
0.8086
0.755
0.701
0.6714
0.7954
0.7773
0.769
0.776
0.6694
0.8223
0.7207
0.793
0.876
0.855
0.912
0.7397
0.6104
0.7275
0.7773
0.8643
0.6646
0.844
0.7935
0.852
0.7427
0.8486
0.832
0.742
0.7964
0.6914
0.5576
0.8125
0.7905
0.8027
0.554
0.873
0.7915
0.894
0.784
0.865
0.7563
0.624
0.938
0.9253
0.735
0.711
0.802
0.792
0.7837
0.712
0.7915
0.7803
0.787
0.884
0.8506
0.833
0.655
0.8037
0.7417
0.852
0.7324
0.796
0.7905
0.7686
0.629
0.7983
0.8105
0.875
0.9062
0.6484
0.7476
0.7085
0.7285
0.7983
0.755
0.7764
0.714
0.8735
0.691
0.7734
0.826
0.621
0.7573
0.6245
0.7324
0.974
0.8765
0.782
0.7393
0.818
0.8354
0.837
0.8145
0.8984
0.8965
0.7515
0.7866
0.7363
0.794
0.7773
0.8325
0.7183
0.8564
0.693
0.808
0.7607
0.866
0.9106
0.914
0.862
0.841
0.7515
0.9395
0.7363
0.825
0.686
0.8154
0.7285
0.769
0.7593
0.862
0.7026
0.8623
0.8843
0.7246
0.6973
0.83
0.7056
0.7793
0.663
0.904
0.8213
0.6353
0.8403
0.7544
0.885
0.716
0.779
0.6885
0.7393
0.7563
0.8486
0.747
0.7866
0.714
0.821
0.699
0.6797
0.784
0.816
0.8545
0.5693
0.728
0.7695
0.8228
0.8135
0.785
0.8184
0.904
0.803
0.776
0.8164
0.867
0.7305
0.8037
0.8203
0.933
0.6245
0.737
0.7715
0.6978
0.878
0.813
0.7656
0.8125
0.8037
0.888
0.6543
0.7104
1.05
0.8574
0.7803
0.8125
0.654
0.821
0.644
0.8613
0.8037
0.7935
0.864
0.8716
0.7886
0.785
0.684
0.767
0.9126
0.7754
0.7383
0.828
0.811
0.737
0.852
0.827
0.7197
0.784
0.735
0.8394
0.6924
0.7764
0.831
0.713
0.753
0.733
0.5806
0.7256
0.7217
0.878
0.845
0.889
0.7817
0.9126
0.628
0.8027
0.8037
0.842
0.6245
0.7954
0.8813
0.6963
0.9062
0.849
0.7363
0.836
0.8623
0.9365
0.831
0.871
0.744
0.8735
0.8247
0.8955
0.8696
0.954
0.788
0.881
0.772
0.9624
0.7764
0.675
0.772
0.8525
0.94
0.8857
0.7812
0.8047
0.8687
0.802
0.8057
0.8037
0.676
0.73
0.6245
0.799
0.831
0.708
0.9053
0.8203
0.845
0.7964
0.8066
0.828
0.7236
0.7134
0.8833
0.899
0.7954
0.708
0.8105
0.681
0.693
0.776
0.8247
0.7715
0.7627
0.758
0.6963
0.8354
0.8223
0.7905
0.8955
0.832
0.7744
0.9272
0.808
0.7354
0.7837
0.6797
0.8047
0.7676
0.6865
0.6157
0.8647
0.823
0.8833
0.8735
0.8203
0.8643
0.9023
0.674
0.9414
0.9043
0.79
0.7705
0.7285
0.8716
0.7417
0.7495
0.852
0.7354
0.879
0.937
0.873
0.8794
0.793
0.8916
0.779
0.8784
0.8115
0.889
0.699
0.7524
0.6255
0.742
0.7866
0.681
0.728
0.532
0.6733
0.7227
0.837
0.994
0.82
0.9136
0.849
0.7676
0.8213
0.8525
0.835
0.839
0.8164
0.869
0.9775
0.6665
0.6953
0.7964
0.7217
0.8403
0.8447
0.759
0.7295
0.8213
0.8174
0.608
0.6914
0.835
0.613
0.7393
0.772
0.7354
0.76
0.864
0.81
0.83
0.7754
0.7866
0.7866
0.9053
0.6797
0.7363
0.867
0.8604
0.7544
0.795
0.7725
0.6963
0.732
0.849
0.81
0.8457
0.7026
0.628
0.7773
0.842
0.6514
0.546
0.7803
0.741
0.7476
0.805
0.9014
0.7305
0.644
0.749
0.8027
0.767
0.8325
0.869
0.8125
0.7856
0.85
0.8086
0.6196
0.801
0.723
0.8687
0.754
0.8345
0.803
0.8975
0.785
0.824
0.8354
0.8555
0.7803
0.8013
0.7085
0.847
0.857
0.6973
0.6914
0.792
0.7607
0.907
0.699
0.795
0.992
0.8633
0.798
0.788
0.869
0.8135
0.784
0.678
0.8887
0.875
0.784
0.789
0.9272
0.8843
0.7256
1.007
0.6865
0.6616
0.7666
0.852
0.732
0.7905
0.7197
0.8374
0.857
0.8843
0.8613
0.8687
0.7656
0.842
0.821
0.8403
0.852
0.9272
0.81
0.87
0.745
0.672
0.8105
0.7812
0.7393
0.9375
0.8047
0.8857
0.7334
0.732
0.8174
0.779
0.672
0.681
0.852
0.8047
0.825
0.842
0.8555
0.8135
0.74
0.631
0.8955
0.737
0.7866
0.841
0.7573
0.7676
0.8545
0.802
0.9004
0.7236
0.836
0.889
0.824
0.865
0.7036
0.7656
0.5327
0.7886
0.7344
0.8735
0.735
0.9053
0.8745
0.901
0.8438
0.7275
0.7124
0.751
0.7124
0.668
0.854
0.913
0.7573
0.7383
0.833
0.8467
0.781
0.8633
0.818
0.849
0.857
0.904
0.8247
0.7676
0.7886
0.8423
0.4639
0.813
0.964
0.754
0.7646
0.8223
0.672
0.9395
0.898
0.9043
0.6826
0.8115
0.635
0.953
0.8765
0.813
0.6763
0.789
0.751
0.883
0.7188
0.7637
0.7524
0.854
0.813
0.5566
0.864
0.8223
0.7617
0.8516
0.7656
0.696
0.707
1.085
0.7373
0.755
0.6816
0.84
0.7705
0.8687
0.776
0.808
0.8975
0.8247
0.854
0.7397
0.766
0.881
0.727
0.917
0.745
0.881
0.6777
0.676
0.774
0.6797
0.699
0.976
0.791
0.7373
0.7573
0.885
0.7417
0.743
0.827
0.75
0.837
0.757
0.7676
0.8203
0.7812
0.7734
0.862
0.788
0.879
0.632
0.8174
0.8325
0.6826
0.581
0.81
0.621
0.8477
0.7983
0.798
0.7256
0.745
0.7495
0.8965
0.794
0.8
0.681
0.834
0.774
0.675
0.816
0.738
0.758
0.752
0.8994
0.8193
1.041
0.777
0.7935
0.782
0.847
0.943
0.746
0.806
0.862
0.8354
0.879
0.8066
0.605
0.873
0.8457
0.834
0.717
0.852
0.879
0.8037
0.787
0.691
0.7427
0.8394
0.926
0.718
0.756
0.8896
0.8345
0.8145
0.683
0.748
0.678
0.816
0.79
0.847
0.6836
0.585
0.7573
0.81
0.8784
0.857
0.5537
0.829
0.788
0.7793
0.8584
0.61
0.878
0.9136
0.827
0.8613
0.806
0.8345
0.828
0.875
0.945
0.8623
0.4917
0.6104
0.7817
0.693
0.7627
0.8247
0.94
0.728
0.7725
0.722
0.7314
0.7207
0.788
0.844
0.827
0.8174
0.8647
0.741
0.642
0.7656
0.7803
0.753
0.7344
0.8
0.867
0.8584
0.9175
0.7466
0.66
0.833
0.6694
0.774
0.8145
0.8354
0.7446
0.782
0.7393
0.9204
0.6963
0.65
0.865
0.8887
0.712
0.735
0.889
0.919
0.7544
0.6924
0.767
0.84
0.9033
0.7427
0.7227
0.7744
0.7686
0.801
0.749
0.785
0.8633
0.676
0.921
0.8696
0.8535
0.6685
0.628
0.676
0.873
0.6665
0.7734
0.7935
0.8086
0.7515
0.767
0.8877
0.627
1.026
0.9614
0.737
0.756
0.7817
0.7793
0.7856
0.7793
0.826
0.7373
0.743
0.8784
0.7954
0.8857
0.709
0.755
0.7856
0.876
0.702
0.918
0.6064
0.758
0.7905
0.815
0.8477
0.7344
0.6143
0.877
0.735
0.7183
0.8477
0.66
0.8174
0.7686
0.8545
0.83
0.7334
0.86
0.6445
0.6714
0.725
0.5967
0.888
0.6826
0.823
0.617
0.75
0.825
0.7217
0.7676
0.872
0.854
0.8555
0.7764
0.7627
0.7886
0.7275
0.7676
0.7344
0.8296
0.8965
0.9126
0.7954
0.7915
0.7075
0.845
0.8213
0.799
0.7705
0.6514
0.8594
0.7207
0.746
0.774
0.683
0.6177
0.8833
0.847
0.847
0.8228
0.7383
0.7837
0.7495
0.751
0.784
0.8027
0.761
0.805
0.833
0.93
0.8096
0.8438
0.784
0.6973
0.681
0.722
0.844
0.693
0.759
0.805
0.9106
0.551
0.8403
0.6733
0.714
0.784
0.7666
0.8535
0.5806
0.951
0.8057
0.823
0.563
0.665
0.767
0.7285
0.5947
0.786
0.772
0.9043
0.8096
0.9395
0.9043
0.8105
0.8086
0.896
0.948
0.8247
0.714
0.836
0.7324
0.8086
0.7275
0.764
0.7705
0.672
0.7695
0.698
0.873
0.8574
0.6987
0.9863
0.8857
0.8423
0.826
0.7617
0.6865
0.7773
0.8604
0.8096
0.7905
0.963
0.783
0.738
0.854
0.769
0.9185
0.753
0.8135
0.6904
0.84
0.93
0.5977
0.7085
0.8833
0.847
0.872
0.825
0.8716
0.845
0.7236
0.9087
0.75
0.561
0.8228
0.9565
0.681
0.7915
0.771
0.6597
0.7197
0.7725
0.7764
0.759
0.7607
0.8745
0.7764
0.7373
0.8296
0.8877
0.868
0.859
0.723
0.76
0.6616
0.9478
0.928
0.9277
0.748
0.743
0.935
0.767
0.8564
0.7617
0.9365
0.827
0.758
0.738
0.6816
0.9937
0.6943
0.806
0.792
0.784
0.9204
0.7964
0.696
0.6943
0.7544
0.9033
0.805
0.832
0.8447
0.837
0.8174
0.7783
0.7715
0.8696
0.592
0.783
0.7515
0.8784
0.8184
0.7476
0.6426
0.823
0.8
0.83
0.7075
0.787
0.8745
0.849
0.796
0.8647
0.6567
0.896
0.75
0.7524
0.843
0.7686
0.8916
0.825
0.7334
0.7256
0.6743
0.8394
0.922
0.839
0.776
0.832
0.733
0.8003
0.87
0.947
0.7954
0.6484
0.832
0.7637
0.8887
0.833
0.728
0.879
0.805
0.7734
0.8716
0.896
0.8164
0.831
0.8457
0.841
0.7427
0.8223
0.706
0.7744
0.838
0.81
0.8057
0.798
0.8867
0.7305
0.94
0.813
0.7856
0.745
0.6694
0.8184
0.716
0.7295
0.6978
0.838
0.8193
0.708
0.8423
0.677
0.918
0.589
0.7856
0.845
0.786
0.7935
0.9287
0.742
0.784
0.7036
0.6533
0.7036
0.831
0.718
0.662
0.715
0.771
0.774
0.7383
0.715
0.744
0.847
0.834
0.665
0.8403
0.7544
0.7607
0.793
0.8325
0.8887
0.7397
0.8506
0.7573
0.8115
0.709
0.8325
0.554
0.813
0.811
0.8193
0.7793
0.592
0.6416
0.835
0.7754
0.7285
0.849
0.7773
0.8037
0.9707
0.766
0.8247
0.795
0.738
0.7627
0.79
0.824
0.781
0.958
0.742
0.774
0.8525
0.8813
0.6465
0.8086
0.667
0.776
0.912
0.8027
0.919
0.7764
0.836
0.9175
0.827
0.9062
0.811
0.8306
0.8613
0.7363
0.8403
0.864
0.786
0.742
0.741
0.8394
0.8037
0.866
0.8496
0.7905
0.9614
0.777
0.7573
0.751
0.912
0.7783
0.789
0.7056
0.7783
0.9277
0.8276
0.874
0.707
0.864
0.8647
0.798
0.677
0.662
0.7266
0.5703
0.9077
0.754
0.797
0.7637
0.762
0.8394
0.894
0.9053
0.816
0.8926
0.788
0.7866
0.826
0.7734
0.743
0.801
0.883
0.792
0.8643
0.884
0.8477
0.843
0.766
0.899
0.748
0.732
1.002
0.783
0.8623
0.7446
0.7007
0.744
0.8203
0.7305
0.8784
0.8965
0.84
0.888
0.832
0.7695
0.8633
0.8257
0.813
0.6562
0.7915
0.7383
0.962
0.916
0.838
0.8325
0.8525
0.8647
0.9707
0.8765
0.8477
0.764
0.743
0.7363
0.81
0.7686
0.903
0.735
0.7705
0.741
0.9185
0.7866
0.7764
0.752
0.745
0.7207
0.7744
0.7954
0.774
0.928
0.743
0.769
0.8506
0.9077
0.9043
0.694
0.894
0.7725
0.7285
0.849
0.8877
0.7627
0.839
0.7305
0.8643
0.802
0.838
0.7246
0.6934
0.747
0.746
0.8394
0.813
0.8027
0.574
0.699
0.8813
0.8223
0.873
0.663
0.704
0.7676
0.8916
0.562
0.783
0.5156
0.71
0.8
0.7197
0.7686
0.7563
0.833
0.977
0.8643
0.6987
0.6987
0.547
0.6353
0.8213
0.76
0.898
0.8086
0.836
0.833
0.843
0.786
0.874
0.602
0.927
0.7695
0.8994
0.816
0.7295
0.6777
0.794
0.7593
0.8423
0.8296
0.757
0.7344
0.766
0.7915
0.766
0.771
0.72
0.898
0.6934
0.6196
0.7607
0.87
0.7227
0.8486
0.769
0.796
0.688
0.7617
0.8965
0.8633
0.874
0.766
0.81
0.7007
0.843
0.8574
0.794
0.8276
0.7983
0.828
0.6665
0.6846
0.7305
0.788
0.7104
0.631
0.796
0.71
0.835
0.7495
0.71
0.8247
0.835
0.6885
0.7964
0.8296
0.7964
0.79
0.7476
0.8525
0.836
0.818
0.677
0.8213
0.8086
0.7383
0.6855
0.828
0.639
0.756
0.8613
0.7856
0.757
0.8423
0.827
0.834
0.678
0.921
0.7495
0.7026
0.805
0.792
0.708
0.6484
0.8496
0.633
0.961
0.708
0.7607
0.836
0.862
0.7476
0.744
0.758
0.8325
0.666
0.837
0.8613
0.7905
0.835
0.732
0.6943
0.847
0.8057
0.7363
0.7734
0.753
0.8276
0.7036
0.774
0.7773
0.7734
0.754
0.9546
0.7275
0.8535
0.8296
0.8096
0.788
0.866
0.74
0.7524
0.866
0.8154
0.938
0.784
0.749
0.7285
0.796
0.8613
0.926
0.795
0.7124
0.953
0.9644
0.83
0.8276
0.7344
0.8457
0.6133
0.6465
0.7256
0.707
0.8096
0.7695
0.7275
0.9277
0.8394
0.808
0.8
0.84
0.738
0.7812
0.866
0.898
0.8623
0.7134
0.755
0.7373
0.754
0.6694
0.879
0.769
0.8926
0.984
0.673
0.762
0.747
0.7754
0.8525
0.7856
0.845
0.772
0.8105
0.93
0.793
0.8604
0.835
0.727
0.821
0.72
0.785
0.85
0.9595
0.7817
0.8965
0.737
0.8833
0.898
0.8086
0.789
0.869
0.788
0.7573
0.6543
0.881
0.8574
0.8374
0.8066
0.827
0.832
0.711
0.7275
0.7617
0.8037
0.813
0.8975
0.8535
0.771
0.71
0.671
0.5757
0.88
0.753
0.8574
0.7607
0.7856
0.834
0.7266
0.735
0.776
0.802
0.9414
0.7837
0.925
0.76
0.8135
0.818
0.842
0.8516
0.755
0.81
0.865
0.797
0.8203
0.832
0.8516
0.849
0.8545
0.842
0.6987
0.7793
0.7207
0.7754
0.806
0.8086
0.7515
0.8696
0.7856
0.7563
0.738
0.7183
0.777
0.7417
0.7964
0.7983
0.5684
0.785
0.834
0.808
0.7266
0.725
0.82
0.8076
0.7812
0.826
0.7383
0.788
0.9204
0.7812
0.875
0.7607
0.7656
0.8096
0.8228
0.8345
0.801
0.6685
0.854
0.7573
0.8135
0.7935
0.8105
0.8013
0.7
0.839
0.908
0.6646
0.92
0.7915
0.699
0.831
0.8867
0.888
0.8184
0.801
0.8184
0.663
0.7817
0.9023
0.808
0.7866
0.8213
0.8496
0.733
0.622
0.8833
0.8115
0.8784
0.844
0.844
0.6016
0.7705
0.698
0.7104
0.8467
0.8633
0.7524
0.6323
0.7725
0.963
0.7773
0.898
0.8145
0.906
0.821
0.806
0.774
0.6953
0.7964
0.925
0.8228
0.7466
0.795
0.762
0.9014
0.8223
0.893
0.855
0.9053
0.829
0.8047
0.882
0.7515
0.5977
0.808
0.836
0.9443
0.8594
0.8604
0.7725
0.9004
0.8
0.779
0.8164
0.813
0.7324
0.8633
0.9785
0.7397
0.6714
0.7383
0.878
0.7964
0.857
0.811
0.7397
0.794
0.8257
0.894
0.7495
0.709
0.828
0.866
0.751
0.8003
0.747
0.799
0.796
0.8735
0.689
0.864
0.7744
0.834
0.8604
0.938
0.5747
0.592
0.758
0.8193
0.855
0.5815
0.8765
0.8403
0.8936
0.6646
0.8345
0.758
0.881
0.8105
0.8174
0.85
0.7676
0.8867
0.766
0.7305
0.735
0.661
0.7104
0.8066
0.8975
0.7773
0.7617
0.8555
0.8784
0.766
0.84
0.86
0.8223
0.8877
0.8325
0.745
0.8506
0.896
0.8013
0.686
0.7236
0.881
0.891
0.8184
0.8457
0.8164
0.7104
0.7573
0.7627
0.7744
0.722
0.836
0.7305
0.8027
0.9253
0.81
0.759
0.8013
0.81
0.8276
0.6914
0.865
0.7817
0.9404
0.702
0.8506
0.8765
0.779
0.877
0.821
0.7075
0.94
0.776
0.8135
0.6543
0.865
0.85
0.737
0.7812
0.784
0.859
0.821
0.698
0.8687
0.7837
0.8223
0.794
0.779
0.886
0.7354
0.9033
0.8594
0.876
0.787
0.7334
0.6274
0.898
0.8496
0.7393
0.82
0.908
0.8535
0.9443
0.8276
0.878
0.749
0.815
0.7393
0.7744
0.8877
0.883
0.7085
0.602
0.797
0.8257
0.7725
0.702
0.865
0.883
0.8057
0.8228
0.733
0.6396
0.903
0.827
0.7646
0.956
0.8076
0.625
0.8555
0.738
0.8174
0.878
0.8936
0.749
0.795
0.8013
0.637
0.7725
0.8516
0.8716
0.8647
0.803
0.6514
0.9087
0.854
0.8647
0.8066
0.694
0.864
0.7656
0.705
0.9277
0.8525
0.6367
0.916
0.618
0.7886
0.7305
0.777
1.034
0.749
0.82
0.8276
0.797
0.6855
0.693
0.762
0.884
0.9043
0.827
0.74
0.869
0.771
0.8687
0.7812
0.811
0.799
0.7676
0.8013
0.7915
0.838
0.96
0.8174
0.7383
0.7905
0.8174
0.826
0.796
0.764
0.7515
0.8696
0.6895
0.6836
0.8394
0.834
0.73
0.8013
0.8325
0.714
0.8174
0.7866
0.8213
0.5537
0.9033
0.891
0.7803
0.5566
0.8013
0.751
0.805
0.751
0.857
0.748
0.829
0.866
0.9043
0.746
0.8887
0.7715
0.797
0.8486
0.783
0.758
0.852
0.718
0.65
0.751
0.833
0.8228
0.8
0.8027
0.7285
0.6875
0.942
0.681
0.7
0.787
0.673
0.833
0.9033
0.6084
0.914
0.681
0.813
0.684
0.5815
0.843
0.7817
0.7964
0.8647
0.927
0.914
0.7563
0.7607
0.6895
0.779
0.834
0.8125
0.631
0.8936
0.7324
0.7617
0.7856
0.7744
0.679
0.829
0.945
0.827
0.7134
0.806
0.6587
0.9053
0.894
0.831
0.6934
0.9517
0.913
0.8647
0.8174
0.951
0.8496
0.834
0.878
0.758
0.6465
0.746
0.781
0.707
0.816
0.8438
0.9287
0.8193
0.8184
0.8467
0.9023
0.752
0.761
0.718
0.7026
0.8057
0.755
0.8105
0.8296
0.921
0.8867
0.9014
0.781
0.935
0.7275
0.776
0.7314
0.703
0.73
0.813
0.702
0.793
0.8345
0.6895
0.753
0.9565
0.869
0.7153
0.7563
0.8916
0.816
0.9033
0.8633
0.7476
0.914
0.749
0.828
0.904
0.737
0.788
0.7285
0.704
0.9307
0.7964
0.8716
0.839
0.698
0.6943
0.9414
0.7363
0.7373
0.7188
0.596
0.8555
0.756
0.7285
0.8506
0.7075
0.707
0.61
0.834
0.913
0.686
0.766
0.7676
0.821
0.9023
0.7744
0.86
0.96
0.832
0.816
0.693
0.705
0.8623
0.8145
0.7793
0.82
0.7217
0.5967
0.606
0.754
0.7637
0.9062
0.824
0.7173
0.8887
0.833
0.8223
0.8193
0.876
0.842
0.7573
0.8096
0.926
0.749
0.917
0.8423
0.787
0.733
0.9287
0.891
0.752
0.8374
0.8066
0.9106
0.7817
0.9043
0.7104
0.6987
0.7427
0.776
0.5923
0.826
0.826
0.654
0.7744
0.7056
0.785
0.8105
0.864
0.663
0.7573
0.816
0.7495
0.805
0.956
0.909
0.88
0.741
0.7036
0.823
0.8184
0.5747
0.7905
0.674
0.744
0.7397
0.6685
0.832
0.7935
0.578
0.837
0.8184
0.738
0.7285
0.7305
0.8105
0.9937
0.7495
0.7085
0.8945
0.7427
0.8555
0.754
0.8613
0.8623
0.7173
0.9517
0.7676
0.7637
0.801
0.878
0.718
0.777
0.704
0.688
0.738
0.7417
0.8374
0.9336
1.026
0.821
0.8813
0.904
0.662
0.735
0.8525
0.866
0.967
0.894
0.7983
0.841
0.8047
0.7954
0.854
0.81
0.758
0.7773
0.7183
0.882
0.7754
0.811
0.7104
0.808
0.779
0.832
0.828
0.8257
0.722
0.6733
0.7856
0.7812
0.7466
0.828
0.7637
0.9253
0.6587
0.891
0.8926
0.864
0.784
0.9204
0.764
0.8374
0.826
0.79
0.883
0.699
0.6743
0.728
0.869
0.6836
0.665
0.7837
0.7544
0.732
0.791
0.76
0.716
0.7734
0.886
0.7104
0.787
0.7495
0.7935
0.793
0.7197
0.9175
0.757
0.8506
0.847
0.7886
0.5527
0.7354
0.74
0.7935
0.7417
0.821
0.7817
0.749
0.7837
0.8716
0.7427
0.6646
0.717
0.894
0.7686
0.7915
0.8535
0.764
0.6846
0.616
0.5957
0.7734
0.8115
0.815
0.72
0.8
0.8
0.869
0.8086
0.749
0.8984
0.891
0.8086
0.7256
0.787
0.8765
0.785
0.787
0.7935
0.963
0.755
0.6787
0.7427
0.7446
0.871
0.945
0.82
0.914
0.7656
0.6396
0.855
0.845
0.7656
0.799
0.6636
0.794
0.7915
0.6963
0.764
0.9287
0.799
0.753
0.743
0.6807
0.8247
0.63
0.828
0.8174
0.6167
0.8965
0.785
0.8633
0.7207
0.701
0.808
0.815
0.816
0.6426
0.73
0.7666
0.913
0.8447
0.8486
0.8003
0.556
0.766
0.925
0.642
0.831
0.8867
0.7764
0.7715
0.8696
0.751
0.764
0.7354
0.6514
0.606
0.659
0.874
0.8066
0.832
0.847
0.749
0.7783
0.824
0.741
0.681
0.7617
0.8247
0.71
0.8486
0.8125
0.801
0.802
0.752
0.8794
0.759
0.8784
0.8403
0.605
0.8057
0.7573
0.66
0.7236
0.7217
0.831
0.681
0.8613
0.816
0.7563
0.882
0.9175
0.767
0.545
0.8647
0.6904
0.7
0.8037
0.8506
0.789
0.813
0.8486
0.909
0.7954
0.733
0.784
0.7188
0.744
0.8145
0.676
0.8276
0.91
0.9736
0.6836
0.784
0.7666
0.6475
0.815
0.7646
0.829
0.9463
0.9033
0.688
0.873
0.87
0.7627
0.7954
0.837
0.8945
0.835
0.633
0.801
0.787
0.854
0.777
0.8594
0.8066
0.753
0.789
0.7476
0.7
0.746
0.6914
0.8633
0.878
0.8564
0.785
0.9453
0.9062
0.881
0.516
0.953
0.833
0.865
0.789
0.869
0.7964
0.824
0.751
0.815
0.611
0.8047
0.74
0.759
0.8228
0.8496
0.781
0.8643
0.8013
0.783
0.802
0.8745
0.7886
0.883
0.9175
0.808
0.8965
0.749
0.8765
0.65
0.7783
0.621
0.764
0.8066
0.8057
0.8545
0.6523
0.7085
0.7188
0.889
0.9033
0.7344
0.7866
0.7734
0.874
0.8306
0.7197
0.86
0.826
0.663
0.7866
0.4348
0.779
0.7656
0.759
0.909
0.799
0.8096
0.821
0.8765
0.7354
0.803
0.7705
0.8765
0.7417
0.8047
0.8057
0.8696
0.799
0.7856
0.732
0.9126
0.8105
0.833
0.849
0.8394
0.7793
0.741
0.816
0.868
0.712
0.878
0.916
0.7656
0.88
0.8594
0.838
0.9087
0.8003
0.8525
0.7563
0.8857
0.836
0.766
0.725
0.7227
0.7837
0.796
0.6665
0.9473
0.8374
0.668
0.8296
0.8403
0.7686
0.844
0.803
0.725
0.793
0.784
0.6943
0.889
0.85
0.882
0.8003
0.7056
0.8506
0.6934
0.6733
0.576
0.9697
0.787
0.761
0.7905
0.879
0.96
0.7393
0.8696
0.776
0.82
0.8027
0.8535
0.876
0.9307
0.7466
0.674
0.8247
0.815
0.826
0.7886
0.811
0.7754
0.8047
0.8203
0.8164
0.8325
0.8345
0.8374
0.7275
0.8994
0.7344
0.8154
0.6455
0.9336
0.8506
0.7334
0.742
0.963
0.7695
0.8545
0.8184
0.757
0.8027
0.8057
0.8555
0.8257
0.6865
0.745
0.797
0.774
0.8096
0.9106
0.7314
0.71
0.802
0.7007
0.8013
0.845
1.004
0.8857
0.8735
0.766
0.799
0.811
0.688
0.783
0.81
0.8496
0.8154
0.7427
0.6343
0.715
0.795
0.755
0.748
0.7637
0.6987
0.7983
0.813
0.681
0.6426
0.8667
0.548
0.766
0.837
0.783
0.805
0.837
0.7856
1.004
0.708
0.836
0.901
0.8257
0.767
0.9873
0.843
0.6475
0.823
0.8477
0.7466
0.9126
0.994
0.7856
0.7886
0.826
0.795
0.854
0.8213
0.836
0.764
0.805
0.854
0.733
0.7217
0.672
0.8145
0.782
0.787
0.8975
0.7866
0.705
0.691
0.696
0.746
0.7354
0.76
0.904
0.8643
0.8184
0.788
0.8184
0.733
0.8887
0.835
0.6143
0.8057
0.7305
1.02
0.7964
0.8794
0.797
0.6113
0.8027
0.788
0.7817
0.8447
0.8794
0.6523
0.7935
0.6646
0.713
0.8213
0.8438
0.8467
0.825
0.6904
0.866
0.899
0.7754
0.806
0.709
0.722
0.7793
0.7837
0.7773
0.7725
0.795
0.841
0.7705
0.7544
0.8794
0.796
0.6665
0.8184
0.6367
0.8228
0.8325
0.777
0.783
0.665
0.8833
0.7803
0.628
0.9233
0.7954
0.7905
0.683
0.771
0.6562
0.8027
0.9126
0.7744
0.813
0.8647
0.7964
0.9023
0.803
0.926
0.8687
0.764
0.786
0.76
0.8154
0.791
0.727
0.8037
0.8296
0.842
0.8247
0.866
0.751
0.743
0.776
0.83
0.752
0.8447
0.958
0.698
0.8296
0.9395
0.793
0.7812
0.7803
0.847
0.738
0.6816
0.8345
0.771
0.8984
0.8257
0.7734
0.657
0.7837
0.8394
0.666
0.79
0.831
0.8447
0.6924
0.8667
0.864
0.779
0.6396
0.873
0.7305
0.8223
0.712
0.75
0.684
0.986
0.8403
0.7314
0.6904
0.886
0.8584
0.558
0.7383
1.064
0.7837
0.8
0.827
0.6665
0.8076
0.9478
0.8374
0.8813
0.8623
0.88
0.8765
0.79
0.8047
0.7886
0.833
0.883
0.7085
0.752
0.774
0.701
0.6963
0.633
0.8496
0.9004
0.8525
0.6963
0.7495
0.886
0.7676
0.845
0.795
0.639
0.85
0.8667
0.7837
0.805
0.6445
0.868
0.833
0.7227
0.922
0.7866
0.8545
0.841
0.938
0.8447
0.838
0.7246
0.7686
0.746
0.8647
0.903
0.894
0.8843
0.749
0.824
0.8096
0.7075
0.723
0.8867
0.85
0.677
0.8574
0.757
0.626
0.896
0.7886
0.703
0.898
0.7295
0.792
0.8374
0.832
0.6714
0.813
0.862
0.7314
0.9136
0.7783
0.751
0.746
0.8213
0.8994
0.8667
0.7397
0.8525
0.7173
0.841
0.82
0.7627
0.716
0.8184
0.865
0.679
0.9185
0.865
0.831
0.6963
0.8438
0.7285
0.799
0.854
0.751
0.7197
0.7754
0.862
0.836
0.7207
0.92
0.8477
0.825
0.8345
0.616
0.761
0.8057
0.76
0.693
0.9526
0.7905
0.7915
0.802
0.8735
0.844
0.75
0.6914
0.737
0.8193
0.8125
0.7656
0.8164
0.677
0.8
0.684
0.8374
0.883
0.9673
0.8037
0.859
0.8477
0.759
0.83
0.732
0.741
0.759
0.838
0.9106
0.705
0.7173
0.748
0.8345
0.774
0.7266
0.849
0.8135
0.916
0.704
0.8667
0.8345
0.617
0.5376
0.7524
0.857
0.799
0.753
0.788
0.8374
0.84
0.703
0.87
0.8477
0.781
0.8984
0.8423
0.71
0.8965
0.785
0.735
0.771
0.7285
0.741
0.7764
0.7266
0.722
0.876
0.7954
0.9463
0.857
0.979
0.977
0.832
0.877
0.8896
0.8687
0.821
0.769
0.7734
0.7314
0.879
0.8403
0.5625
0.797
0.7324
0.8125
0.6133
0.629
0.823
0.87
0.917
0.8667
0.7285
0.8896
0.8423
0.7305
0.843
0.7954
0.8584
0.771
0.674
0.755
0.7773
0.883
0.6807
0.6587
0.869
0.796
0.7676
0.8223
0.7812
0.722
0.7075
0.5747
0.7476
0.743
0.8623
0.7383
0.808
0.75
0.9224
0.776
0.7104
0.7656
0.702
0.828
0.6978
0.6387
0.938
0.785
0.6826
0.918
0.8213
0.836
0.972
0.7036
0.688
0.85
0.986
0.7036
0.786
0.919
0.8633
0.728
0.8125
0.716
0.779
0.7886
0.826
0.899
0.662
0.771
0.7104
0.8276
0.7627
0.7417
0.681
0.7188
0.8115
0.6978
0.8354
0.7354
0.8228
0.9106
0.749
0.7
0.9106
0.6562
0.688
0.698
0.6567
0.957
0.862
0.9155
0.6143
0.9287
0.835
0.708
0.772
0.743
0.877
0.81
0.6436
0.8047
0.8066
0.7754
0.839
0.799
0.619
0.665
0.753
0.7676
0.7256
0.7656
0.8325
0.741
0.632
0.796
0.8325
0.693
0.847
0.678
0.72
0.82
0.7026
0.816
0.9004
0.8076
0.803
0.86
0.872
0.877
0.791
0.688
0.906
0.8203
0.844
0.8403
0.753
0.832
0.6846
0.9316
0.891
0.8213
0.7935
0.7627
0.824
0.8135
0.938
0.767
0.574
0.8096
0.6484
0.813
0.7783
0.81
0.93
0.964
0.9185
0.7153
0.805
0.852
0.718
0.833
0.7373
0.839
0.758
0.959
0.907
0.684
0.761
0.896
0.672
0.901
0.8296
0.709
0.7725
0.818
0.8135
0.8076
0.8535
0.767
0.8735
0.7656
0.786
0.9106
0.9004
0.667
0.715
0.7803
0.7734
0.8833
0.844
0.7153
0.727
0.7236
0.7544
0.8467
0.82
0.8643
0.7646
0.7207
0.7207
0.7393
0.9014
0.7783
0.8623
0.8574
0.666
0.83
0.921
0.8975
0.825
0.7817
0.744
0.833
0.7026
0.7544
0.6104
0.801
0.7783
0.6665
0.811
0.891
0.8594
0.6304
0.654
0.7627
1.008
0.854
0.8394
0.5977
0.821
0.758
0.749
0.718
0.6953
0.7793
0.801
0.8296
0.6978
0.694
0.83
0.838
0.799
0.715
0.8164
0.9062
0.772
0.6973
0.927
0.845
0.86
0.771
0.813
0.7817
0.8047
0.803
0.701
0.9688
0.795
0.854
0.658
0.7705
0.84
0.903
0.9517
0.94
0.752
0.919
0.642
0.8438
0.86
0.85
0.8003
0.584
0.7983
0.772
0.7627
0.761
0.8203
0.7417
0.722
0.8647
0.845
0.8945
0.716
0.9087
0.899
0.598
0.696
0.795
0.7446
0.844
0.8604
0.706
0.755
0.8174
0.813
0.795
0.7085
0.743
0.92
0.8306
0.857
0.918
0.91
0.6973
0.82
0.8306
0.833
0.8613
0.806
0.776
0.8506
0.8896
0.9253
0.8203
0.813
0.7905
0.805
0.634
0.7734
0.8257
0.9824
0.9497
0.7593
0.8486
0.9053
0.792
0.756
0.6465
0.82
0.8
0.707
0.7744
0.8013
0.869
0.766
0.836
0.769
0.752
0.8223
0.76
0.8906
0.79
0.8896
0.6855
0.737
0.8477
0.7715
0.5977
0.7886
0.7646
0.7964
0.667
0.8164
0.79
0.877
0.745
0.6836
0.8145
0.811
0.6865
0.6855
0.7695
0.8647
0.874
0.79
0.924
0.678
0.786
0.573
0.741
0.771
0.741
0.986
0.7812
0.8257
0.769
0.825
0.87
0.801
0.797
0.86
0.658
0.8535
0.7983
0.7227
0.826
0.7607
0.8843
0.791
0.693
0.8096
0.831
0.845
0.8145
0.8906
0.865
0.789
0.6846
0.918
0.917
0.8354
0.7744
0.824
0.7964
0.711
0.629
0.87
0.6733
0.8184
0.725
0.7666
0.7173
0.834
0.8203
0.7856
0.8896
0.811
0.9106
0.9087
0.787
0.8345
0.8496
0.7837
0.6973
0.8013
0.8203
0.835
0.782
0.801
0.838
0.921
0.6426
0.889
0.854
0.9814
0.907
0.7153
0.882
0.9224
0.747
0.8184
0.854
0.8105
0.8
0.762
0.874
0.785
0.8193
0.8423
0.6816
0.6562
0.883
0.772
0.81
0.837
0.839
0.8394
0.5933
0.7617
0.7627
0.764
0.782
0.7104
0.788
0.8037
0.8496
0.808
0.8813
0.66
0.909
0.758
0.9424
0.8564
0.699
0.7886
0.7734
0.7344
0.8164
0.8936
0.6934
0.8516
0.813
0.7417
0.8696
0.8843
0.883
0.7563
0.7373
0.6504
0.767
0.8076
0.7666
0.7686
0.6597
0.834
0.6943
0.8696
0.749
0.805
0.881
0.728
0.7954
0.874
0.8633
0.881
0.9307
0.512
0.8037
0.9385
0.8096
0.8833
0.9023
0.7544
0.7983
0.827
0.8813
0.628
0.681
0.838
0.9873
0.91
0.875
0.5645
0.7915
0.8403
0.743
0.764
0.8496
0.961
0.881
0.88
0.813
0.6787
0.8735
0.9185
0.559
0.577
0.8145
0.9424
0.86
0.8105
0.8403
0.8145
0.7573
0.839
0.74
0.7725
0.658
0.8296
0.7886
0.6787
0.6963
0.7397
0.8643
0.9355
0.878
0.713
0.6816
0.8696
0.681
0.798
0.7983
0.7495
0.922
0.688
0.7637
0.7153
0.706
0.758
0.728
0.8276
0.916
0.7305
0.8276
0.876
0.6597
0.855
0.894
0.5654
0.714
0.5713
0.8555
0.81
0.7334
0.783
0.9043
0.891
0.793
0.8765
0.6978
0.833
0.5757
0.7686
0.8516
0.7305
0.9746
0.841
0.691
0.7617
0.865
0.8457
0.8506
0.7964
0.756
0.831
0.8613
0.684
0.8037
0.823
0.733
0.8076
0.828
0.8174
0.917
0.803
0.8345
0.5845
0.733
0.776
0.896
0.8535
0.9043
0.7275
0.891
0.621
0.843
0.7886
0.7812
0.738
0.7954
0.81
0.811
0.869
0.789
0.706
0.779
0.7744
0.8193
0.9346
0.8506
0.8345
0.87
0.7954
0.875
0.705
0.735
0.8013
0.8184
0.832
1.006
0.7954
0.7905
0.5913
0.831
0.9204
0.813
0.7783
0.766
0.6543
0.8574
0.6543
0.872
0.7734
0.871
0.8096
0.8145
0.8887
0.592
0.828
0.9463
0.868
0.845
0.7207
0.8037
0.7036
0.94
0.997
0.8574
0.885
0.733
0.7153
0.735
0.693
0.755
0.779
0.7256
0.7524
0.904
0.818
0.8525
0.746
0.9043
0.8477
0.701
0.888
0.894
0.818
0.8687
0.829
0.7666
0.9043
0.605
0.96
0.8936
0.8066
0.5684
0.8037
0.9697
0.606
0.635
0.8477
0.676
0.797
0.83
0.782
0.7754
0.7637
0.732
0.782
0.7754
0.8574
0.8213
0.8564
0.962
0.8374
0.758
0.8306
0.8154
0.816
0.806
0.6895
0.9824
0.9204
0.9126
0.751
0.831
0.6953
0.8975
0.742
0.8975
0.9644
0.825
0.866
0.829
0.827
0.894
0.847
0.912
0.854
0.716
0.847
0.8564
0.913
0.91
0.879
0.703
0.7886
0.8887
0.728
0.792
0.7354
0.76
0.7197
0.7886
0.9043
0.826
0.754
0.9272
0.8164
0.7236
0.8594
0.926
0.9707
0.6533
0.785
0.903
0.782
0.7983
0.8174
0.8535
1.092
0.8833
0.8896
0.635
0.8887
0.8345
0.91
0.8457
0.703
0.9375
0.7666
0.754
0.9414
0.766
0.9385
0.8457
0.714
0.669
0.7275
0.6826
0.766
0.872
0.83
0.9033
0.8086
0.7334
0.7476
0.882
0.7383
0.8247
0.805
0.829
0.781
0.709
0.894
0.777
0.882
0.764
0.7856
0.7905
0.8486
0.8857
0.811
0.9956
0.73
0.875
0.8584
0.915
0.8486
0.6714
0.866
0.9414
0.976
0.9155
1.0
0.837
0.9365
0.7856
0.8643
0.83
0.826
0.7734
0.786
0.9517
0.94
0.771
0.5347
0.74
0.8525
0.7344
0.8193
0.8
0.8345
0.8877
0.683
1.024
1.005
0.865
0.7656
0.6846
0.911
0.679
0.8745
0.8594
0.797
0.841
0.8867
0.9126
0.799
0.8833
0.921
0.9346
0.82
0.727
0.8135
0.718
0.756
0.6714
0.8696
0.8745
0.753
0.741
0.8467
0.871
0.876
0.824
0.7866
0.771
0.7793
0.874
0.8213
0.8887
0.752
0.921
0.7744
0.7056
0.789
0.8057
0.6636
0.7646
0.9033
0.811
0.8086
0.9185
0.805
0.8394
0.647
0.815
0.7837
0.8833
0.8076
0.767
0.709
0.815
0.893
0.8496
0.8096
0.7886
0.9473
0.7617
0.933
0.815
0.815
0.786
0.545
0.792
0.793
0.8306
0.767
0.843
0.7036
0.82
0.776
0.872
0.8403
0.921
0.776
0.799
0.9077
0.8193
0.8003
0.8154
0.789
0.6416
0.824
0.88
0.92
0.6895
0.8066
0.8247
0.859
0.8506
0.8633
0.9404
0.8584
0.771
0.771
0.8096
0.806
0.8926
0.8354
0.8506
0.8423
0.816
0.8833
0.836
0.896
0.8145
0.7246
0.854
0.791
0.8613
0.806
0.772
0.921
0.825
0.8833
0.717
0.667
0.751
0.802
0.805
0.8066
0.7695
0.908
0.808
0.732
0.652
0.7637
0.818
0.7383
0.9463
0.938
0.711
0.758
0.727
0.8076
0.6416
0.869
0.9053
0.8076
0.7085
0.81
0.8535
0.8784
0.828
0.864
0.959
0.8325
0.826
0.932
0.8813
0.8545
0.87
0.8765
0.794
0.7026
0.9565
0.7354
0.799
0.796
0.8877
0.842
0.797
0.8555
0.9272
0.883
0.678
0.799
0.816
0.896
0.7793
0.859
0.774
0.7856
0.797
0.857
0.701
0.867
0.818
0.872
0.8027
0.869
0.9126
0.8936
0.9155
0.6963
0.8047
0.9917
0.843
0.7563
0.8394
0.886
0.9053
0.7964
1.003
0.8354
0.8833
0.859
0.83
0.759
0.961
0.7173
0.8833
0.808
0.9272
0.8403
0.789
0.894
0.7886
0.737
0.8887
0.927
0.8594
0.866
0.8447
0.881
0.735
0.965
0.7275
0.855
0.8257
0.9253
0.913
0.879
0.8613
0.8184
0.8037
0.945
0.8516
0.903
0.935
0.8105
0.9033
0.875
0.891
0.8467
0.862
0.8345
0.9473
0.7134
0.7744
0.799
0.7344
0.8076
0.8184
0.9316
0.6846
0.8086
0.779
0.8843
0.8496
0.7354
0.8276
0.652
0.6924
0.882
0.8604
0.898
0.9424
0.791
0.8633
0.816
0.8496
0.825
0.832
0.6567
0.677
0.8154
0.7314
0.942
0.752
0.8496
0.838
0.787
0.795
0.8936
0.8467
0.7197
0.8
0.6436
0.71
0.9717
0.8486
0.797
0.7383
0.701
0.9043
0.832
0.8296
0.828
0.8086
0.776
0.9736
0.741
0.8184
0.738
0.8354
0.663
0.606
0.614
0.8306
0.8784
0.889
0.693
0.832
0.85
0.8223
0.818
0.4956
0.7773
0.873
0.818
0.662
0.8687
0.8984
0.7734
0.771
0.7866
0.8613
0.7915
0.789
0.7617
0.893
0.855
0.7134
0.879
0.8276
0.7666
0.9463
0.7334
0.8438
0.7954
0.749
0.792
0.8647
0.949
0.7817
0.8296
0.711
0.951
0.8506
0.798
0.8506
0.7817
0.6978
0.756
0.7266
0.6978
0.932
0.7285
0.8696
0.8735
0.9854
0.8877
0.844
0.7954
0.8135
0.723
0.8594
0.743
0.7725
0.9316
0.8613
0.844
0.951
0.8027
0.829
0.8257
0.8086
0.6973
0.8584
0.72
0.757
0.8584
0.9175
0.8555
0.7637
0.805
0.677
0.7515
0.7783
0.94
0.857
0.7715
0.6924
0.824
0.6875
0.762
0.81
0.889
0.748
0.8926
0.794
0.7764
0.7705
0.883
0.781
0.6646
0.769
0.919
0.883
0.84
0.8594
0.859
0.8145
0.8257
0.728
0.879
0.792
