0.0002453
0.0
0.0008
0.0001229
0.0
0.002094
0.000981
0.0003734
0.0004272
0.0
0.0
0.0
0.0
0.0008
0.0
0.001735
0.0
0.0
0.0004492
1e-07
0.0
0.0007906
0.000813
0.00266
0.00099
0.0
0.000515
0.001407
0.001366
0.001904
0.001297
0.001384
0.00203
0.0001409
0.0
0.0
0.000937
0.003603
0.0
0.001459
0.0
0.001317
0.0004196
0.0001829
0.001565
0.0
0.001671
0.001469
0.0008106
0.0
0.003595
0.002068
0.0002398
0.0
0.0
0.0
0.000615
0.0
0.0001428
0.0
0.001698
0.0
0.00215
0.0
0.002216
0.001899
0.0
0.0
0.0
0.0
0.0002315
0.002125
8.214e-05
0.0
0.0
0.001769
0.0
0.001115
0.0
0.0
0.0
0.0
0.0
0.0
0.0
0.0009003
0.001583
0.000877
0.0
0.002575
0.0
0.004364
0.0
0.002537
0.001044
0.00117
0.0002187
0.0
0.001283
0.0
0.000557
0.0
0.001155
0.003359
0.0
0.001225
0.0
0.001631
0.000903
0.0
0.0
0.0
0.0004368
0.0
0.0
0.0
0.0
0.00317
0.001968
0.001022
0.0
0.002857
0.0
0.0
0.001149
0.0003748
0.0001878
0.0
0.0
0.0031
0.0
0.0
0.002287
0.0001456
0.0
0.0004423
0.0004528
0.0
0.0
0.0
0.0
0.0
0.001102
0.0008955
0.0
0.000705
0.0001228
0.0
0.0
0.001291
0.0004687
0.001375
0.002396
0.0
0.0
0.0
0.0
0.0
0.0
0.0
0.000746
0.0
0.001149
0.0004454
0.0008144
0.003473
0.001001
0.0009537
0.0013275
0.000338
0.001486
0.001855
0.000597
0.0
0.001126
0.0
0.0
0.0
0.0
0.0
0.0
0.000696
0.0008016
0.0
0.0
0.001463
0.0
0.0
0.0
0.001921
0.002863
0.0
0.003113
0.001928
0.0
0.000908
0.001982
0.001006
0.0003326
0.0
0.0
0.0
0.0004754
0.001741
0.0
0.0
0.001569
0.0
0.00189
0.0003958
0.0
0.0
0.0
0.001435
0.001937
0.001592
0.002724
0.0
0.001394
0.001152
0.00229
0.0
0.0
0.001473
0.0
0.0
0.0
0.0
0.0
0.0
0.0
0.0
0.0
0.0009384
0.0006466
0.001812
0.0
0.0009627
0.0
0.0
0.002625
0.001289
0.0
0.000796
0.0
0.0012665
0.001174
0.002045
0.0
0.000832
0.0007935
0.0
0.0
0.00246
0.001926
0.0
0.0
0.0
0.0
0.004482
0.001848
0.0
0.002573
0.0005083
0.00381
0.0
0.0019
0.0
0.000568
0.001131
0.0
0.0006523
0.000975
0.0001227
0.0002131
0.002182
0.0004828
0.001375
0.0001727
0.0
0.0
0.0
0.001228
0.0
3.266e-05
0.001935
0.0
0.0
0.0003386
0.000694
0.002567
0.0
0.000506
0.0
0.001908
0.00011206
0.000799
0.00152
0.0
0.0
7.82e-05
0.001627
0.0
0.0003388
0.003353
0.0
0.0
0.001678
0.001772
0.0
0.001427
0.0
0.0
0.0
0.0
0.0
0.002268
0.001473
0.0
0.002518
0.0
0.0
0.002552
0.00166
0.003464
0.0
0.0009227
0.001515
0.0
0.0
0.003334
0.0
0.0
0.0
0.000749
6.783e-05
0.0
0.0
0.002598
0.001286
0.001747
0.0
0.0
0.002842
0.001678
0.0
0.0
0.0
0.0
0.001213
0.002487
0.002367
0.0002484
0.0
0.0
0.001241
0.001005
0.001191
0.001972
0.00127
0.00322
0.000861
0.0004382
0.0
0.0002923
0.0
0.0
0.0
0.000825
0.002193
0.000204
0.000435
0.00163
0.0002277
4.26e-05
0.001015
0.00203
0.0
0.002573
0.00088
0.0
0.000826
0.0
0.0008297
0.0
0.000708
0.0004
0.0
0.0
0.0001285
0.0002341
0.000474
0.0
0.0004685
0.0
0.001426
0.0004327
0.0
0.0
0.001663
0.0
0.0
0.0009604
0.0002064
0.0
0.00144
0.001826
0.0
0.0
0.0
0.003166
0.0
0.000639
0.0
0.0
0.0004601
0.0001854
0.0
0.002064
0.0008965
0.0
0.0
0.0
0.0
2.61e-05
0.000894
0.0
0.002934
0.0
0.0
0.001321
0.0
0.002472
0.0
0.0
0.0
0.001454
0.001665
0.00145
0.00226
0.0
0.0
0.0
0.0003939
0.001401
0.0
0.0
0.001301
0.000635
0.0
0.00206
0.0004773
0.001013
0.003551
0.004375
0.001178
0.001366
0.0
0.0
0.000635
0.0
0.0
0.0007224
0.0
0.0
0.0
0.0
0.001894
0.0
0.0
0.0
0.0
0.002728
0.0
0.001718
0.0
0.00372
0.0
0.00221
0.001911
0.0
0.0
0.001482
0.0001651
0.003052
0.000845
0.0
0.0
0.001919
0.001932
0.0
0.001496
0.0008373
0.006104
0.0
0.001254
0.0002407
0.0
0.00135
0.00141
0.0
0.000742
0.0004487
0.0
0.0
0.0
0.000129
0.0
0.0
0.0
0.001546
0.0
0.0
0.0032
0.00265
0.0
0.0
0.0002065
0.0
0.0
0.0
0.002514
0.001314
0.003359
0.000501
0.000981
0.0
0.0
0.0004435
8.88e-05
0.0
0.0
0.003004
0.0
0.0
0.0003242
0.0
0.0
0.0
0.000837
0.002426
0.0
0.000678
0.0002434
0.0
3.3e-06
0.002628
0.0004637
0.00186
0.0
0.00193
0.002708
0.003605
0.000636
0.001712
0.001308
0.0
0.002232
0.002647
0.002195
0.001118
0.001986
0.0004542
0.00399
0.0015335
0.0
0.0
0.0017395
0.0
0.000305
0.000697
0.0004745
0.0007253
0.000465
0.001201
0.0007334
0.0
0.002453
0.0
0.00054
0.0
0.002312
0.0
0.000816
0.001986
0.0
0.0
0.001578
0.0
0.0
0.001957
0.0
1.13e-05
0.0
0.0
0.0
0.0
0.002197
0.001839
0.0
0.002459
0.0
0.0
0.00367
0.0
0.000619
0.001012
0.001646
0.0009594
4.995e-05
0.0
0.0
0.000573
0.001108
0.001327
0.003838
0.000596
0.000832
0.001473
0.00169
0.0
0.000806
0.002813
0.0014305
0.0
0.001383
0.00167
0.0003278
0.0006127
0.004417
0.0002356
0.0
0.001487
0.001003
0.0
0.0
0.0
0.0
0.0004587
0.0
0.0
0.0
0.0
0.0
0.001257
0.0004225
0.002346
0.0
0.003208
0.0
0.0
0.0
0.0
0.00089
0.0
0.0
0.0
0.0009294
0.003857
0.001087
0.000259
0.0042
0.0
0.002478
0.0006814
0.000883
0.0
0.0
0.002136
0.00076
0.000532
0.000491
0.000741
0.001078
0.000537
0.0
4.58e-05
4.28e-05
0.002144
0.0
0.0006285
0.0
0.0
0.0006504
0.0
0.0
0.0
0.0
4.41e-05
0.0
0.001673
0.0
0.0
0.000554
0.0
0.0
0.0
0.001403
0.000118
0.0
0.0002033
0.0
0.0
0.0
0.0
0.0
0.003525
5.126e-05
0.0003145
0.0
0.003454
5.53e-05
0.0
0.0
0.00451
0.0
0.0
0.003233
0.00134
0.003353
0.0
0.0
0.0007696
0.0
0.000249
0.0
0.001181
0.0
0.0
0.0
0.0
0.0
0.002148
0.001746
0.0
0.0
0.0
0.0003524
0.001104
0.0
0.0
0.000538
0.0003638
0.000593
0.0
0.0
0.001788
0.0
0.001518
0.003107
0.000484
0.00177
0.0
0.0
0.0
0.0005846
0.0
0.002283
0.00338
0.00266
0.0011
0.0001018
0.0
0.0001512
0.0016165
0.0
0.000524
0.0
0.0
0.000399
0.0008755
0.0
0.0
0.00164
0.0006876
0.0
0.0
0.001194
0.0
0.0
0.0
0.0
0.001753
0.0
0.0
7.02e-05
0.0
0.004066
0.0
0.0004697
0.000241
0.0
0.0
0.001453
0.0001207
0.0
0.0
0.0007486
0.001919
0.002388
0.0
0.0
0.003304
0.001545
0.000875
0.0
0.0007243
0.000517
0.0
0.000922
0.0
0.0
0.0
0.0
0.0
0.0
0.0
0.0
0.0
0.0
0.0
0.0
0.0
0.0
0.0
0.003513
0.001239
0.00263
0.001171
0.0009155
0.001048
0.0
0.0
0.001191
0.002745
0.0
0.001356
0.002613
9.286e-05
0.0
0.0005717
0.001049
0.001947
0.0
0.002583
0.0
7.76e-05
5.78e-05
0.001442
0.0
0.003492
0.0
0.0
0.0
0.0003119
0.0
0.00475
0.0
0.0
0.0
0.000638
0.000873
0.001707
0.001077
0.0004768
0.0
0.0
0.000542
0.0006847
0.001164
0.0
0.0
0.0
0.0
3.71e-05
0.0
0.0
0.0
0.0
0.0
0.0007486
0.0
0.00386
0.0
0.0007052
0.002121
0.0004468
0.0
0.000611
0.0
0.0
0.002705
0.0
0.001112
0.003265
0.0
0.0002801
0.002062
0.0
0.0
0.0
0.0
0.0
0.0001223
0.0
0.00091
0.0
0.001413
0.001787
0.0
0.0
0.0
0.0001901
0.0003486
0.001194
0.0
0.00235
0.0024
0.0
0.0
0.001661
0.000428
0.0
0.0
0.000906
0.002098
0.0
0.0
0.0
0.0005403
0.001934
0.0
0.002405
0.00243
0.001388
0.001117
0.0
0.0035
0.0
0.002052
0.001651
0.0003278
0.0002182
0.0
0.0
0.0005274
0.0
0.0
0.002998
0.0
0.003454
0.002113
0.0
0.0
0.0
0.001369
0.0
0.001107
0.0
0.003336
0.001818
0.0005803
0.00134
0.003147
0.0
0.003252
0.001734
0.0
0.0
0.001627
0.0001688
0.0
0.002016
0.0
0.0
0.001315
0.0
0.0004816
0.0
0.003443
0.0019
0.001775
0.001461
0.0
0.0
0.001645
0.0005417
0.000637
0.0
0.001317
0.00154
0.003044
0.001477
0.003052
0.00473
0.001216
0.0008936
0.0
0.001608
0.001619
0.0
0.002998
0.0009704
0.0003858
0.0
7.2e-05
0.003056
0.00217
0.0
0.001966
0.0
0.001555
0.0
0.0008793
0.0002942
0.002167
0.0
0.0001599
0.000984
0.0009546
0.0
0.0
0.000772
3.785e-05
0.000484
2.176e-05
0.003107
0.0
3.624e-05
0.001911
0.0
0.0
0.001477
0.0004654
7.88e-05
0.0
0.000864
0.0
0.0
0.0
0.003416
0.0
0.001651
0.001095
0.001573
0.0
0.0
0.0
0.000753
0.0
0.001373
0.000486
0.0
0.0
0.0
0.002548
0.002203
0.001991
0.001936
0.0
0.0
0.0
0.0
0.0
0.0
0.000869
0.000746
0.0
0.002258
0.001124
0.0
0.001922
5.83e-05
0.000939
5.376e-05
0.0
0.0
0.0
0.0
0.0
0.002396
0.0009527
0.00209
0.0
0.00211
0.001171
0.000842
0.0
0.0
0.0
0.001356
0.001613
0.001355
0.0
0.001471
6.03e-05
0.0008345
0.00011253
0.0
8.273e-05
0.0
0.0
0.0005636
0.0008273
0.001019
0.00164
0.000135
0.0
0.0
0.001103
0.0
0.004257
0.0
0.0
0.0
0.0
0.00063
0.000864
0.0
0.002724
0.0
0.0
0.001315
0.00149
0.000379
0.0
0.0
0.0
0.0
0.0
0.001292
0.0
0.0
0.0
0.001192
0.0
0.000553
0.0
0.0
0.001407
0.0
0.004566
0.0
0.0002096
0.0
0.0
0.001673
0.0
0.0
0.0
0.0
0.000786
0.0
0.001845
0.0
0.0003412
0.0010395
0.0003362
0.0009446
0.004436
0.002468
0.0
0.000634
0.0009756
0.0
0.0
0.0003667
0.0
0.0
0.0
0.000529
0.001043
2.474e-05
0.001358
0.0
0.0001211
0.0001931
0.0002458
0.0
0.0
0.000451
0.0
0.0
0.001236
0.0
0.0003183
0.0
0.0
0.000354
0.0
0.0
0.001203
0.000773
0.0
0.000867
0.0
0.0
0.0002544
0.002281
0.0
0.002947
0.003204
0.001532
0.0
0.0
0.002243
0.0
0.001239
0.0
0.0
0.0
0.0
0.000619
0.000484
0.0006776
0.001867
0.001154
0.0
0.0003176
0.002853
0.000854
0.0
0.002031
0.0
0.0
0.0035
0.0
0.000366
0.0006723
0.001
0.001375
0.0
0.002518
0.001318
0.00296
0.000881
0.0
0.00172
0.0
0.0
0.0
0.0
0.0
0.0
0.0
0.0
0.001099
0.000453
0.0
0.002407
0.00256
0.0002577
0.0003996
0.0
8.035e-05
0.001546
0.0
0.000543
0.0
7.284e-05
0.0
0.0
0.0003254
0.0
0.0016985
0.001881
0.0
0.0
0.001123
0.0
0.00286
0.0
0.0
0.0
0.002167
0.0
0.002148
0.0
0.0
0.0
4.4e-05
0.0
0.0004177
0.00118
0.002783
0.0
0.002815
0.0
0.000863
0.000766
0.0
0.0
0.0
0.001915
0.0
0.0
0.0
0.0
0.0
0.0
2.16e-05
0.0
0.002268
0.001028
0.002617
0.0
0.00419
0.002625
0.0005336
0.0
0.0
0.0
0.0
0.000971
0.00122
0.0
8.595e-05
0.0003886
0.0
0.0
0.000106
0.0
0.001089
0.0
0.0001
0.002434
0.0
0.000862
0.0
0.0
0.0
0.0012045
0.0
0.0
0.003845
0.00173
0.0
0.0
0.0006304
6.02e-05
0.0004869
0.0005016
0.0
0.0
0.002422
0.0
0.0
0.0
0.0
0.00176
0.0
0.0
0.001362
0.00195
0.0
0.001089
0.001257
3.1e-05
0.002394
0.000723
0.0
0.0
0.001593
0.0
0.0
0.0
0.0021
0.0006
0.003376
0.0002037
8.047e-05
0.0
0.0
0.002705
0.0
0.0002103
0.002226
0.0008655
0.001588
0.0001388
0.0
0.000764
0.0001116
0.0
0.004597
0.0
0.0
0.002953
0.0
3.34e-05
0.0
0.002268
0.0
0.00108
0.0
0.0
0.0006604
0.0
0.0
0.0014515
0.0
0.003521
0.0
0.0
0.000998
0.0
0.000367
0.0
0.0
0.001522
0.0
0.0
0.000175
0.0
0.00010777
0.002432
0.0
0.0
0.0
0.0
0.0
0.001641
0.001807
0.0008307
0.0
0.000634
0.0
0.001364
0.0
0.0001884
0.0
0.0
0.0
0.001411
0.0
0.0
8.166e-05
0.0
0.0007315
0.0
0.002525
0.0
0.0
0.0
0.0
0.0004406
0.001043
0.002651
0.0
0.0001526
0.0
0.002481
0.0002668
0.0
0.001403
0.0
0.004524
0.001129
0.0
0.0
0.003414
0.0007515
0.0
0.0
0.0
0.0
0.001366
0.0011215
0.0
0.004604
0.0002105
0.001264
0.0
0.000586
0.0
0.0003312
0.0
0.0
0.0
0.000529
0.0
0.0004883
0.0
0.0
0.001441
0.0002105
0.0001658
0.0
6.807e-05
0.0
0.0
0.0
0.0
0.000842
0.0
0.0
0.0
0.001455
0.0
0.00101
0.0002186
0.0
0.0003388
0.0
0.0016
0.0
0.001099
0.0
0.000336
0.001746
0.0009627
0.002539
0.002565
0.001486
0.0002916
0.0
0.0
0.000915
0.0
0.001094
0.001333
0.001061
0.003174
0.001899
0.002329
0.0002515
0.0
0.0004864
0.002035
0.0001324
0.0
0.0
0.003855
0.000513
0.0006676
0.0
0.0
0.0
0.0
0.002419
0.0
0.0
0.0
0.0
0.004234
0.001331
0.000519
0.002857
0.0
0.001193
0.000615
0.0
0.0
0.0004501
0.0
0.0
0.0
0.00244
0.0
0.0
2.43e-05
0.002636
0.0
0.0
0.0
0.002478
0.00222
0.0
0.0
0.0
0.0012455
0.002506
0.001587
0.0
0.00269
0.0
0.0006304
0.0
0.0
0.0003884
0.000588
0.001141
0.003632
0.0001776
0.0
0.000717
0.0
0.000869
0.0007296
0.002201
0.0
0.001415
0.0
0.002125
0.0
0.0
0.003405
0.0
0.0
0.001963
0.00099
0.0002685
0.000148
0.0009737
0.0
0.00161
0.0006366
0.0
0.0
0.0
0.001411
0.00283
0.0
0.0
0.00214
0.00053
0.0
0.0
0.000689
6.11e-05
0.0
0.0
0.004005
0.0
0.0
0.0
0.0
0.002235
0.0
0.002659
0.0004358
0.0
0.000486
0.0
0.0
0.0003552
0.0
0.0
0.0009546
0.001726
0.0004423
0.0
0.0
8.774e-05
0.0
0.0
0.0
0.0
0.00194
0.000589
0.0004144
0.0
0.0
0.0
0.0003495
0.001278
0.0
0.0
0.002653
0.0
0.002327
0.0007544
0.0
0.001187
0.0
0.0
0.002464
0.0
0.0
0.001612
0.0
0.0
0.0
0.0
0.0
0.0
0.0
0.0001957
0.0006
0.0004103
0.002535
0.0003111
0.002491
0.004
0.0
0.006107
0.0
0.001423
0.005497
0.0
0.004757
0.001298
0.0
0.002663
0.0
0.000424
0.0
0.0
0.001953
0.0001806
0.0
0.001473
0.0
0.0
0.0
0.0
0.0
0.0
0.001295
0.001859
0.0
0.0
0.001325
0.0
0.0
0.0007
0.0004017
0.0001479
0.0
0.002726
0.0
0.002604
0.001315
0.001972
0.0
0.0
0.0
0.001629
0.0
0.0
0.0
0.002434
0.0
0.002132
0.0
0.002407
0.0
0.000605
0.0
0.0001715
0.004528
0.0005126
0.0
0.0
0.0
0.0
0.0
0.0
0.0031
0.0
0.0
0.00173
0.0
0.000716
0.0
0.000749
0.001965
0.0
0.00010085
0.0
0.003788
0.000863
0.001497
0.001032
0.001177
0.0
0.0
0.001251
0.0
0.0
0.001081
0.001513
0.00194
0.002287
0.002153
0.0
0.0
0.0004845
0.0
0.0
0.0
0.0
0.0
0.0
0.0
0.001689
0.001585
0.0009685
0.0
0.0
0.000548
0.0
0.001191
0.0
0.001242
0.003952
0.0
0.001941
0.0
0.0003414
0.0
0.001621
0.0004249
0.001388
0.002382
0.0
0.001037
0.0
0.00058
0.0009403
0.0
0.0
0.002134
0.002842
0.0
0.0001602
0.0
0.0
0.000818
0.004074
0.0
0.0002098
0.0
0.00167
0.002571
0.001031
0.0
0.0
0.0
0.002647
0.000196
0.0
0.000972
0.0
0.0
0.001269
0.001235
0.0002608
0.0
0.0003064
0.001784
0.000459
0.001005
0.0
0.0
0.000512
0.001823
0.0
0.001317
0.0
0.0001843
0.0
0.001255
0.002672
0.002682
0.0
0.000619
0.0
0.004154
0.0
0.0
0.0
0.0007954
0.001394
0.0
0.0
0.0
0.00315
0.0006604
0.00246
0.0
0.0
0.001709
0.0
0.001602
0.0
0.001141
0.0
0.0
0.0
0.001709
0.0
0.000641
0.0004601
0.0
0.0
0.0
0.0
0.001635
0.0
0.0001326
0.0
0.0
0.0010195
0.0
0.00256
0.004074
0.0
0.0
0.0
0.0
0.0009775
0.0
0.0
0.0
0.001305
0.0
0.0
0.002316
0.001922
0.001066
0.0
0.001928
0.0
0.0
9.906e-05
0.0002439
0.000837
0.001632
0.0
0.0001397
0.000459
0.0
0.0
0.0
9.73e-05
0.002548
0.0005746
0.0
0.0
0.0
0.0
0.003784
0.0
0.00197
0.0
0.0
0.0
0.0
0.0
0.00092
0.0
0.001941
0.0
0.002945
0.0
0.0001245
0.0002098
0.0
0.0
0.001474
0.003258
0.0007544
0.003595
0.0
0.0
0.00286
0.0017185
0.002567
0.0
0.0
0.0
0.0
0.0
0.001295
0.0
0.0
0.0
0.001368
0.000891
0.001865
0.0
0.0
0.0003152
0.0
0.002373
0.0
0.0
0.0
0.00011075
0.0
0.0
0.0
0.001168
0.002876
0.0004501
0.0
0.003347
0.0
0.0
0.001374
0.002995
0.0008063
0.0
3.517e-05
0.0
0.001492
0.0
0.0
0.0
0.0
0.000963
0.0
0.001911
0.0016165
0.0
0.0010195
0.000866
0.0
0.0
0.0
0.0
0.004776
0.001325
0.002426
0.0
0.001292
0.0
0.0007353
0.0
0.001307
0.001877
0.00266
0.0
0.0
0.001371
0.0
0.001718
0.0
0.0
0.0
0.00113
0.0006495
0.0
0.00197
0.0
0.0
0.0
0.0
0.001114
0.0005684
0.00201
0.0007224
0.0
0.00010324
0.0
0.0
0.0
0.002031
0.0
0.002207
0.0
0.001128
0.0008974
0.001968
0.001636
0.002262
0.0016
0.000911
0.0
0.003193
0.001869
0.0
0.003546
0.00206
0.002064
0.00248
0.00292
0.002806
0.0
0.001407
0.0
0.001991
0.0003986
0.0
0.0
0.0
0.0
0.0
0.0
0.0
0.0
0.0
0.001737
0.001002
0.002453
0.003113
0.0
0.00348
0.0002275
0.003609
0.0
0.000711
0.0002196
0.0
0.003578
0.0
0.002758
0.0
0.002655
0.00214
0.0
0.001508
0.00293
0.00172
0.0
0.0
0.0
0.0
0.0001507
0.0007763
0.0
0.0
0.003283
1.895e-05
0.0
0.001063
0.0
0.001188
0.0
0.003174
0.0
0.00437
0.001439
0.0005236
0.001626
0.001268
0.0
0.0
0.002876
0.0
0.002459
0.002117
0.0
0.0
0.0
0.002972
0.0
0.001335
0.0
0.0
0.0
0.0015745
0.0
0.0
0.0
0.001413
0.00078
0.001915
0.0
0.0
0.00217
0.0007057
0.0
0.0
0.0
0.000358
0.0
0.002064
0.0
0.00229
0.0
0.001218
0.0
0.0
0.0023
0.00252
0.0
4.5e-05
0.0
0.000998
0.0
0.0004687
0.0008335
0.003716
0.0
0.0
0.0003364
0.0004652
0.001143
0.002012
8.39e-05
0.0
0.0
0.002802
0.0
0.001398
0.0001857
0.0
0.002405
0.0
0.0
0.0
0.0007954
0.001104
0.0
0.000859
0.0
0.0
0.001826
0.001646
0.0
0.0
0.0006175
0.0002491
0.0
0.0
0.0032
0.001966
0.0
0.0
0.0
0.000915
0.000751
0.0001491
7.737e-05
0.0
0.0
0.0
0.0
0.0
0.0
0.001316
0.0
0.0
0.0004435
0.0
0.001655
0.0
0.001708
0.0
0.0001719
0.0
0.00365
0.002304
0.0
0.0
0.0
0.002495
0.001592
0.002134
0.0
0.0
0.003185
0.001487
0.002373
0.0
0.001284
0.0
0.0018215
0.0
0.0
0.0
0.0
0.0
0.0
3.31e-05
0.003395
0.003162
0.00194
0.002876
0.0
0.0
0.00202
0.0
0.001026
0.0
0.00128
0.000869
0.002077
0.000744
0.003206
0.0
0.0002013
0.0
0.0
0.0009165
0.0
0.0
0.0007634
0.0006247
0.0
0.0
0.002518
0.001875
0.0005765
0.0
0.0
0.001821
0.0
0.0
0.0
0.0
0.0001599
0.0
0.0
0.0
0.001002
0.0
0.0001539
0.000885
3.7e-06
0.0
0.001972
0.0
0.0007987
0.0007076
0.003036
0.0
0.0
0.0001742
0.0
0.0
0.0
0.0
0.0003002
0.0
0.0
0.0
0.0004518
0.002785
0.002125
0.0
0.0
0.0
0.0
0.0
0.0
0.001517
0.0
0.001511
0.0
0.0
0.0
0.001101
0.000742
0.0
0.0
0.0
0.0009165
0.0005536
0.0
0.0
5.91e-05
0.0
0.003258
0.0
0.001087
0.00216
0.000552
0.002153
0.003204
0.000998
0.0012455
0.0004644
0.0013075
0.00229
0.00277
0.001545
0.000499
0.0
0.00328
0.00226
0.0
0.001172
0.001009
0.000678
0.0
0.0
0.0
0.001235
0.002337
0.0
0.0
1.22e-05
0.0
0.0009036
0.0
0.0
0.0
0.0
0.0002491
0.0
0.0
0.002064
0.001645
0.0006027
0.0
0.0
0.0
0.0
0.0
0.001931
0.001372
0.0
0.0
0.0
0.001688
0.002306
0.0
0.0
0.0
0.001867
0.0
0.0004387
0.0002182
0.0
0.0
0.0
0.0
0.0
0.0
0.0
8.583e-05
0.0
0.00489
0.0
0.0
0.000832
0.001505
0.0
0.0004122
0.001632
0.000842
0.0
0.001535
0.001986
0.000638
0.0
0.003334
0.0
0.003185
0.0004644
0.001378
0.0001819
0.0
0.0
0.000448
0.0
0.003548
0.002892
0.002102
8.655e-05
0.0
0.000942
0.0
0.0
0.0
0.003124
0.003035
0.00198
0.0
6.05e-05
0.000901
0.00283
0.0
0.0005355
0.001577
0.001878
0.000775
0.0001365
0.0
0.002405
0.001056
0.000492
0.000615
0.001186
0.001091
0.002808
0.001951
0.0
0.001077
0.003036
0.001773
0.001537
0.001868
0.001984
0.0
0.0
0.0
0.0
0.0
0.0
0.001711
0.0005603
0.0
0.0
0.0
0.0
0.00427
0.0
0.000412
0.0
0.001547
0.0
0.0
0.001288
0.004143
0.000611
0.002481
0.0
0.001288
0.001168
0.0
0.0
0.0
0.001407
0.0
0.000614
0.0
0.00243
0.0
0.0
0.002821
0.0
0.0001507
0.002277
0.002953
0.0
0.0001239
0.0
0.00247
0.0
0.0
0.003576
0.0
0.0
0.002594
0.0
0.001665
0.003029
0.0009527
0.0
0.00212
0.0
0.0
2.89e-05
0.0005713
0.0
0.0
0.001527
0.0
0.000347
0.002966
0.0004652
0.002102
0.001839
0.0004692
6.75e-05
0.0
0.000856
0.000379
0.0
0.001085
0.0006742
0.00229
0.0005746
0.0002518
0.0
0.002138
0.0
0.0005207
0.001753
0.0
0.0
0.0
0.0
0.0008144
0.0
0.002426
0.0
0.003355
0.0007863
0.0
0.0
0.0
0.003883
0.001604
0.0
0.000424
0.001288
0.00115
0.0
0.0
0.0005107
0.0
0.0
0.000821
0.0
0.0003507
0.001921
0.000635
0.0
0.001487
0.0
0.001039
0.0
0.0
0.0
0.001851
0.0
0.0001882
0.001457
0.0
0.0
0.002161
0.0008516
0.0007954
0.0
0.002674
0.0002954
0.0
0.0
0.0
0.0
0.001137
0.0
0.0
0.0001016
0.00025
0.001753
0.0
0.0
0.0048
0.0
0.0
0.00285
0.0
0.0
0.000676
0.001174
0.0
0.0
0.001905
0.002373
0.0
0.001222
0.0021
0.001306
0.0
0.0
0.00237
0.00142
0.0
0.0001528
0.0
0.0
0.000863
0.00283
0.0006866
0.0
0.0
0.0
0.0
0.0
0.0
0.0003324
0.0
0.0001066
0.000984
0.0
0.0008755
0.0002365
5.87e-05
0.0
0.0001949
0.0
0.0
0.0
0.002361
0.0008726
0.0
0.0
0.0
0.001276
0.0010195
0.00201
0.0002141
0.0
0.002232
0.0
0.0
0.0
0.000921
0.001314
0.002693
0.0
0.0
0.0
0.002007
0.0
0.00241
0.003263
0.0
0.000702
0.0001639
0.0017605
0.0
0.003998
0.0
0.001035
0.0
0.0
0.001254
0.0
0.00113
0.0
0.0
0.0
0.0008583
0.0001969
0.00211
0.0022
0.000759
0.0004458
0.0
7.164e-05
0.001991
0.0
0.0
0.0002363
0.0008307
0.001515
0.0005436
0.001937
0.0
0.001825
0.0007095
0.0
0.0
0.000496
0.0003037
0.0009484
3.46e-05
0.001505
0.000138
0.0
0.0
0.0
9.37e-05
0.0
0.002
0.003437
0.0
0.0
0.0
0.00201
0.0
0.001991
0.00206
0.0
0.0
0.0
0.0
0.0
0.0
0.0003135
0.002592
0.0
0.0005283
0.0
0.0015745
0.0
0.0003514
0.0
0.00149
0.0
0.001896
0.0
0.001441
0.00132
0.002876
0.0
0.0
0.0
0.00155
0.0
5.037e-05
0.0
0.001203
0.00035
0.001164
0.0
0.0009537
0.0005302
0.001763
0.003391
0.0
0.00231
0.0
0.0
0.0001155
0.0
0.0
0.0
0.001888
0.00202
0.0
0.0
0.002092
0.0009465
0.000758
0.001297
0.0
0.0
0.0007515
0.0
0.0
0.004143
0.0
0.001486
0.0
0.001302
6.07e-05
0.001498
0.0
0.0007987
0.0
0.0
0.0
0.0
0.0
0.0006604
0.0008144
0.002068
0.002558
0.0
0.0
0.0
0.0004244
0.000963
0.001811
0.0
0.0008416
0.002306
0.0007677
0.0
1.94e-05
0.0007176
0.003334
0.0013485
0.0
0.0
0.0001864
0.0
0.001003
0.00307
0.0009007
0.0
0.004097
0.0
0.0
0.000794
0.001225
0.0
0.0008144
0.0
0.001558
0.002922
0.0
0.0005317
0.003033
0.003298
0.0
0.0
0.0003595
0.001788
0.0
0.0
0.0001632
0.00303
9.33e-05
0.0
0.0
0.0
0.0005035
0.0
0.0
0.0
0.0
0.0
0.001372
0.0
0.001152
0.000724
0.00389
0.0
0.0
0.001299
0.00167
0.0
0.0
0.0
0.002226
0.0003
0.0
0.002726
0.00135
0.001231
0.0004716
0.0
0.00114
0.00343
0.003742
0.0
0.0
0.0
0.0009584
0.0
0.0007954
0.0
0.0
0.0008965
0.000403
4.72e-05
0.0
0.001128
0.004307
0.001642
0.0
0.0
0.0
0.002264
0.0
0.0
0.003109
0.002356
0.0001058
0.0
0.0
0.0004027
0.0
0.001486
0.001287
0.0
0.0
0.0
0.0008416
0.0006523
0.000667
0.0
0.00126
0.004456
0.0002275
0.0
0.002039
0.0
0.001522
0.0
0.0
0.0
0.001473
0.0
0.0
0.00306
0.000506
0.000713
0.001362
0.0
0.0
0.0
0.001154
0.002783
0.0
0.001412
0.001451
0.0
0.0007067
0.0
0.002405
0.00224
0.0
0.0
0.0
0.0
0.0
4.16e-05
0.0
0.0
0.001251
0.0
0.0
0.0
0.000931
0.0001416
0.002367
0.001183
0.0
0.001067
0.001442
0.001352
0.0
0.000568
0.0
0.0
0.0
0.0
0.0
0.001297
0.001626
0.0
0.0
0.0
0.0
0.0
0.0
0.0010605
0.001461
0.00283
0.0
0.0
0.001406
0.0
0.0
0.0
0.00215
0.0
0.002024
6.29e-05
0.0
0.0
0.0
0.0
0.002329
0.0002027
0.001279
0.0
0.0001941
0.002033
0.0
0.001015
0.0
8.285e-05
0.001789
0.0
0.001727
0.000537
0.0
0.0002041
0.0
0.0
0.001846
0.00208
0.0
0.0
0.0
0.0
0.0
0.001774
0.0
0.0
0.000758
0.0007577
0.0002985
0.001145
0.0008245
0.0004702
0.002281
0.0
0.0
0.0001283
0.00267
0.0
0.0
0.002157
0.0007033
0.0
0.0
0.004616
0.001187
0.0
0.0
0.0
0.001716
0.0004668
0.003574
0.0003088
0.0
0.0
0.001219
0.002737
0.0
0.001478
0.002329
0.001276
0.0
0.0
0.0
0.0001216
0.002415
0.0
0.00196
0.0
0.001097
0.00287
0.0002913
0.002844
0.0
0.0
0.00331
0.001149
0.0
0.0
0.0
0.001497
0.0
0.0
0.0
0.001649
0.0009675
0.0
0.0
0.0
0.0
0.000243
0.0
0.0003135
0.0
0.0
0.0
0.001915
0.0
0.0
0.0
0.0
0.003271
0.001126
0.002346
0.000867
0.001213
0.0
0.001512
0.0
0.0008736
0.0
0.001297
0.0
0.0
0.0
0.0
0.0
0.0003314
0.0
0.0
0.001467
0.0002809
0.0
0.00439
0.0
0.0003333
0.0
0.001353
0.0006294
0.0
0.0002064
0.002026
0.0001996
0.000597
0.000137
0.0
0.0
0.0007963
0.0
0.0
0.0
0.0
0.0
0.0
0.000455
0.0
0.0004692
0.0
0.001107
0.0
0.001968
0.001331
0.0
0.0
0.00122
0.0
0.0
0.0
0.0001268
0.00224
0.0
0.0002385
0.003284
0.0002458
0.0
0.0001675
2.354e-05
0.001091
0.0008035
0.0
0.0
0.001085
0.000371
0.001966
0.001578
0.001999
0.0
0.0009727
0.002851
0.0
0.002426
0.0002317
0.0001305
0.002277
0.0
0.0
0.002556
0.003574
0.0
0.000745
0.0
0.002169
0.0
0.000913
0.002796
0.003593
0.0
0.0
0.0005393
0.0
0.0
0.0
0.00167
0.001104
0.0
0.0
0.0
0.002996
0.001721
0.0
0.0
0.0
0.0
0.001251
0.0
0.001658
0.0
0.001444
0.00352
0.0
0.0
0.0
0.00134
0.0
0.001601
0.0
0.000323
0.00127
0.0
0.0
0.0
0.001108
0.0
0.0
0.0
0.001855
0.0014105
0.0002015
0.002623
0.003874
0.00187
0.0
0.0
0.000531
0.0003958
0.001203
0.0
0.0009556
0.0
0.0
0.0
0.002136
0.0001167
0.002556
0.000858
0.001158
0.0
0.0
0.003143
0.002518
0.0
0.000734
0.001258
0.0
0.00246
0.00193
0.002596
0.0
0.0005226
0.0
0.0005946
0.0
0.0
0.0006485
6.7e-06
0.0
0.0
0.0004017
0.0
0.0004554
0.0014105
0.0008006
0.0005693
0.0003462
0.0
0.0
0.001972
0.000582
0.0006638
0.0001595
0.00396
0.0
0.0
0.003944
0.0003643
0.0
0.00188
0.001392
0.002596
0.0006175
0.0
0.001067
0.000968
0.00472
0.000385
0.0
0.000637
0.00025
0.0004292
0.0
0.001942
0.0
0.0
0.0009212
0.003462
0.0
5.65e-05
0.0002441
0.0005865
7.48e-05
0.0
0.00071
0.002033
0.0001794
0.0
0.0
0.00156
0.0
0.0
0.0
0.0001503
0.001002
0.0002159
0.0
0.0
0.0
0.002758
0.0
0.0006857
0.000183
0.0
0.002909
0.00198
0.001898
0.002705
0.000842
0.0003881
0.0
0.0
0.001746
0.0
0.001173
0.002974
0.0
0.0
0.0
0.000727
0.0
0.0
0.0
0.0
0.0
0.0002856
0.0
0.0003457
0.003187
0.001114
0.0
0.001219
8.404e-05
0.0
0.0
0.0
0.00121
0.002615
0.0
0.001578
0.0
0.0006104
0.0
0.0
0.003174
0.0
0.0
0.002892
0.004047
0.0
0.003119
0.0
0.0
0.001401
0.003168
0.0
0.003624
0.0
0.0
0.00315
0.001746
0.0031
0.002121
0.0
0.001373
0.001648
0.0
0.002096
0.0004668
0.002268
0.0
0.0007563
0.000386
0.0003953
0.002266
0.0001289
0.0
0.000986
0.002201
0.0
0.002642
0.001175
0.0
0.0
0.000802
0.0
0.0
6.187e-05
0.00406
0.0
0.002226
0.0
0.0
0.0
0.000952
0.0
0.0004745
0.0005302
0.0003958
0.0
0.003212
0.0008335
0.001795
0.001604
0.000952
0.002121
0.0
0.001922
0.0
0.0
0.0
0.000739
0.000742
0.0
0.0
0.0
0.0
0.0
0.0
0.001793
0.0
0.0005283
0.0
0.0
0.0
0.00233
0.0
0.0002421
0.0
0.0
0.0
0.003126
0.0
0.0
0.001667
0.001928
0.003555
0.0
0.0
0.0
0.0
0.0
0.0
0.0
0.0
0.00237
0.001226
6.38e-05
0.0
0.0
0.002323
0.000782
0.0
0.0
0.003145
0.0
0.002222
0.0
0.000737
0.00201
0.002773
0.001841
0.0
0.0
0.0
0.001886
0.0
0.0
0.0
0.001521
0.0011215
0.0
0.0002205
0.0
0.001476
0.0
0.0
0.0006747
0.0002029
0.0
0.0
0.002476
0.0003028
0.0
0.0001925
0.002644
0.0
0.0004692
0.0005555
0.0
0.0
0.0007796
0.003838
0.0
0.0009165
0.0
0.00359
0.0
0.0006623
0.0
3.3e-06
0.0
0.001635
0.005302
0.0
0.000741
0.0
0.0
0.0007577
0.001686
0.001797
0.002516
0.001283
0.0
0.0
0.00278
0.0
0.0
0.0
0.0001812
0.001811
0.000587
0.000958
0.0006847
0.003849
0.001352
0.0055
0.00061
0.0003934
3.01e-05
0.001938
0.0002542
0.002506
0.0
0.00294
0.0
0.0
0.0
0.0
0.0008163
0.002058
0.0
0.0006304
0.001093
0.000276
0.0
0.001826
0.0
0.0
0.0
0.0
0.0
0.0
0.0
0.0
0.002571
0.001645
0.0004835
0.003082
0.0
0.0
0.001816
0.00246
0.0
0.0003533
0.0
0.001436
0.001431
0.004387
0.002062
0.0
0.001678
0.0
0.000665
0.002584
0.000596
0.0
0.0
0.0
0.000589
0.0009675
0.001816
0.0
0.0
0.0
0.0
0.0006113
0.0003517
0.0
0.001566
0.0
0.0
0.0
0.0
0.00011635
0.002748
0.002672
0.00381
0.0
0.003288
0.0
0.001559
0.001721
0.0002124
0.0
0.002138
0.001489
0.0
0.00228
0.0
0.00115
0.002264
0.0
0.001712
0.0
0.001593
0.0
0.0001067
0.0
0.0
0.0
0.0
0.0
0.002697
0.0
1.43e-05
0.003378
0.0
0.0
0.000431
0.0004652
0.001878
0.0
0.0
0.00293
0.0001934
0.0
6.35e-05
0.001041
0.000926
0.0011635
0.0
0.000529
0.003338
0.0
0.000807
0.0
0.0
0.0
0.001384
0.002184
0.0008287
0.0
0.0008087
0.0
0.001411
0.003525
0.002012
0.001358
0.000991
0.001148
0.001896
0.0
0.0
0.001147
0.0003724
0.001122
0.0
0.0
0.002205
0.0004694
0.001054
0.004456
8.69e-05
0.0
0.001235
0.00278
0.0
0.0001724
0.00187
0.0
0.0003295
0.0003405
0.00415
0.0
0.0
0.000711
0.0
0.0
0.0006876
0.0
0.001242
0.000971
0.0
0.0
0.000783
1.48e-05
0.002094
0.0007524
0.0
0.0019
0.0
0.003376
0.0
0.0
0.002253
0.003105
0.0
6.11e-05
0.0
0.0
0.0
0.003443
0.001955
0.001715
0.0
0.0
0.00077
0.0
0.0
0.0
0.0
0.000806
0.0
0.0
0.0006733
0.0
0.0
0.000719
0.0
0.001517
0.0
0.001299
0.0
0.001823
0.0
0.0008163
0.0
0.00232
0.0
0.0
0.0002052
0.00356
0.000142
0.0
0.0
0.0002613
0.0
0.000659
0.0
0.001757
0.001403
0.0
0.0
0.0
0.0004382
0.001144
0.0
0.000562
0.0
0.001362
0.001591
0.001528
0.0
0.0
0.000756
1.76e-05
0.0
0.000806
0.001048
0.00011456
0.0
0.0
0.002792
0.001479
0.001312
0.00359
0.0006285
0.0
0.0
0.0
0.0
0.003967
0.0
0.0
0.00464
0.001562
0.002388
0.001099
0.000867
0.000877
0.001392
0.0005126
0.0
0.0
0.0003834
0.0
0.001206
0.003105
0.0
0.001936
0.00194
0.0
0.003296
0.0
0.004345
0.002462
0.0
0.0
0.0001913
0.0
0.0
0.0
0.000843
0.0
0.001344
0.0
0.0
0.0
0.002188
0.0
0.0006676
0.0002064
0.001315
0.0
0.0002267
0.0005236
0.0
0.0007896
0.000687
0.001769
0.0
0.0
0.0
0.0
0.0002954
0.000341
0.001425
0.0
0.0
0.0006714
0.002653
0.001471
0.0
0.001451
0.0
0.0
0.002388
0.0008087
0.001144
0.000918
0.001592
0.0
0.0
0.00386
0.0004973
0.0004
0.001874
0.0
0.0003924
0.002426
0.001839
0.0
0.00203
0.0
0.001483
0.002975
0.0
0.0
0.00403
0.001172
0.0
8.553e-05
0.002003
0.002335
0.0
0.0009103
0.0
0.002249
0.001946
0.0
0.0
0.0
0.0
0.0
0.0
0.0
0.0
0.0
0.001746
0.001743
0.0
0.0005784
0.001147
0.0004177
0.0002176
0.0006156
0.0004709
0.0
0.0
0.0
0.0
0.002804
0.0
0.001909
0.0
0.003414
0.0001336
0.0
0.003658
0.0007005
0.002018
0.001385
0.002584
0.0
0.0
0.000629
0.0001811
0.0
0.0007544
0.002285
0.0
0.0
0.0
0.0
0.0
0.001023
0.0
0.0
0.0001328
0.0
0.0004034
0.0
0.001412
0.0
0.001907
0.0
0.0
0.0
0.0
0.002573
0.0
0.0
0.0006533
0.001874
0.002556
0.0
0.0
0.001912
0.000996
0.0
0.0
0.0
0.000316
0.0
0.000706
0.0
0.002134
0.0
0.0
0.000654
0.000156
0.0
0.0003269
0.0
0.002617
0.003145
0.0
0.0
0.0001719
0.003292
0.0
0.001593
0.002132
0.001226
0.001978
0.0
0.003016
0.0
0.0
0.0
0.00333
0.0
0.0
0.00165
0.000966
0.002634
0.0003397
0.0001659
0.001626
0.0
0.0
0.0001191
0.0001493
1.34e-05
0.0
0.0
0.002134
0.001444
0.0
0.003132
0.000901
0.0
0.0
0.0
0.0
0.001176
0.00155
0.0
0.0
0.0
0.0
0.0001225
0.0
0.00016
0.0
0.002518
0.0
0.00111
0.001161
0.001024
0.001125
0.001204
0.001944
0.0
0.0003412
0.001216
0.0
0.0
0.001717
0.0
0.002575
0.002151
0.0004566
0.002533
0.0
0.001512
0.0
0.001495
0.001731
0.000524
0.0
0.002483
0.0
0.0
0.0
0.001622
0.0
0.0002109
0.0
0.0
0.001629
0.0
0.0
0.00271
0.0001616
0.0
0.001123
0.003242
0.0
0.001238
0.0
0.002623
0.0
0.0
0.0
0.0
0.001168
0.0002685
0.000859
0.0
0.0
0.0
0.0
0.0
0.0
0.001389
0.0
0.003407
0.0
0.0
0.002068
0.0
0.0
0.0
0.0004358
0.002298
0.0004692
0.000701
0.0
0.0
0.0
0.001909
0.001585
0.002577
0.001182
0.001601
0.0
0.000677
0.0
0.00373
0.0
0.003746
0.001728
0.0
0.0
0.0
0.001021
0.003393
0.001225
0.0
0.002571
0.0
0.0007634
0.0
0.0
0.0
0.0
0.0
0.0
0.002253
0.001461
0.001908
0.001021
0.0
0.002811
0.0001855
0.0
0.0009575
0.0
0.0
0.0
0.001941
0.0
0.002352
0.0001736
0.00162
0.002909
0.00203
0.001411
0.0
0.0
0.00354
0.002983
0.0
0.0
0.001625
0.000556
0.002033
0.001934
0.0004973
0.0
0.000531
0.0
0.0
0.000863
0.0
0.0009212
0.0
0.0
0.000751
0.000846
0.0
0.002468
0.0004249
0.0
0.001626
0.0
0.0
0.001709
0.001751
0.001569
0.0006223
0.0006447
0.0
0.001372
0.0
0.001623
0.0
0.0
0.0
0.0
7.51e-05
0.0
0.0
0.00291
0.0
0.0
0.0
0.000316
0.0
0.0001583
0.0005364
0.0
0.0
0.000743
0.0
0.002205
0.0
0.0004702
0.001782
0.0
0.0
0.0
0.0
0.0
0.0
0.0
0.0
0.0
0.0002537
0.0013275
0.003645
0.0
0.0
0.002882
0.0
0.0
0.0
0.0
0.0004206
0.001547
0.001381
0.0
0.0
0.0
0.0
0.001378
0.0
0.0009007
0.0
0.0
0.0
0.0
0.0
0.0
0.0
0.0
5.66e-05
0.00242
0.00152
0.0
0.002823
0.001219
0.0
0.0
0.0
0.0005193
0.0
0.002077
0.0006003
0.0003135
0.0002613
0.0
0.0
0.0
0.0
0.0003524
0.0
0.0
0.001619
0.000641
0.0001488
0.0
0.001913
0.000502
0.001946
0.0
0.001507
0.0
0.001041
0.0
0.0
0.0
0.0
0.001446
0.002747
0.0001189
0.0
0.0003128
0.0
0.000644
0.0003858
0.002909
0.0
0.001631
0.0
0.0
0.0
0.0
0.0
0.0
0.00145
0.0
0.0
0.001602
0.0
0.0
0.000945
0.001862
0.0
0.0
0.005287
0.0
6.616e-05
0.002441
0.0
0.002369
0.0003624
0.001951
0.0
0.0004802
0.00202
0.002993
7.96e-05
0.001938
0.001426
0.005333
0.001388
0.0
0.0
0.0
0.001114
0.002634
0.00245
0.0
0.001858
0.0
0.0
5.126e-05
0.003298
0.0
0.005707
0.0
0.001192
0.000281
0.002243
0.0
0.001091
0.0
0.000662
0.0
0.00272
0.0
0.001066
0.001811
0.0
0.0
0.0
0.0
0.0013275
0.0
0.000536
0.002983
0.0
0.0
0.001957
0.00211
0.0
0.0
0.0
0.0
0.0003214
0.001222
0.0
0.0
0.0
0.0
0.0
0.000409
0.0
0.00155
0.0003529
0.0004387
0.0
0.0
0.0
0.0
0.001545
0.0
0.0
0.0
0.0
1.62e-05
0.002674
0.0
0.001999
0.00167
0.002367
0.000573
0.001638
0.0
0.0
0.0
0.001883
0.0
0.0
0.0006075
0.0002196
0.0003111
0.0
0.0
0.002415
0.002167
0.0002558
0.001217
0.0005608
0.0
0.001564
0.0
0.0
0.002758
0.001024
0.001798
0.001545
0.001205
0.000366
0.00298
0.001258
0.0
0.0
0.0
0.0
0.0
0.0001515
0.002338
0.002178
0.0
0.0
0.0
0.0
0.0
0.0
0.0
0.0
0.0
0.0
0.00207
0.002806
0.0
0.001335
0.0
0.0
0.000599
0.0
0.000807
0.0039
0.002125
0.0
0.003277
0.0
0.00273
0.0
0.0
0.0007315
0.000582
0.0
0.002567
1.46e-05
0.0
0.001826
0.001526
0.0
0.0
0.002277
0.00119
0.0
0.001639
0.0
0.0
0.0
0.000287
0.0
0.001942
0.001601
0.002401
0.001677
0.0
0.0
0.001296
0.0
0.0
0.003094
0.0
0.0
0.0
0.0001991
0.002317
0.0
0.0
0.001373
0.0
0.000737
0.0
0.0
0.001965
0.00259
0.0
0.0
0.0
0.0
0.0001358
0.002216
0.000259
0.0
0.0
0.0
0.0
0.0
0.0
0.0
0.0
0.0
0.0
0.0
0.0
0.002129
0.0
0.002008
0.0
0.0
0.000863
0.001738
0.0
0.0
0.001524
0.0
0.0
0.0
0.0
0.0023
0.0
0.001549
0.0007544
0.0
0.003832
0.0
0.0
0.0001299
0.0
0.001431
0.0
0.0
0.0
0.0
0.003206
0.0
0.0
0.0
0.002691
0.0
0.0
0.0
0.0
0.0004678
0.0
0.00217
0.0
0.0
0.0
0.0
0.001966
0.0007114
0.0
0.00178
0.001518
0.0
0.0
0.0
0.001471
0.001153
0.001436
0.003149
0.001058
0.000632
0.0
0.001025
0.000243
0.0
0.0
0.00362
0.0008163
0.0
0.0
0.000176
0.002993
0.0
0.0
0.0
0.0
5.66e-05
0.0
0.003372
0.0
0.000465
0.0
0.0
0.002897
0.0
0.0
0.00010777
4.9e-05
0.001087
0.0
0.001037
0.00243
0.0
0.0
0.0
0.0
0.004253
0.001602
0.003483
0.0004303
0.0
0.000867
2.97e-05
0.00154
0.002825
4.23e-05
0.001476
0.0
0.0
0.000501
0.0
0.0007496
0.0
0.0
0.0
0.000978
0.0
0.0
0.002724
0.0
0.000611
0.0
0.0002276
0.000315
0.0
0.0
0.002266
0.002008
0.000681
0.003326
0.003565
0.0004292
0.0
0.0
0.002087
0.001473
0.0
0.0
0.0038
0.00292
0.001026
0.0001572
0.0
0.000575
0.0
0.0
0.0
0.0
0.0
0.0006413
0.001496
0.0
0.0
0.001512
0.0
0.0
0.002018
0.0
0.00216
0.0
0.0
0.0
0.002375
0.001665
0.0003123
0.001135
0.0
0.001703
0.0011425
0.005325
0.0
0.003643
0.0002842
0.0
0.0003064
0.0
0.002573
0.001426
0.0
0.0
0.0
0.0
0.001043
0.001104
0.0
0.0006223
0.0003386
0.0
0.0
0.001621
0.001683
0.001622
0.0002025
0.00235
0.0
0.0
0.001028
0.00233
0.002316
0.0011425
0.0
0.0
0.002258
0.0
0.0
0.0
0.0
0.000694
0.0006843
0.003445
0.0003462
0.0
0.003345
0.003029
0.0002918
0.0
0.002865
0.000844
0.001949
0.0
0.002043
0.0
0.0
0.0
0.0
0.0
0.00128
0.000826
0.001406
0.0
0.0
0.0
0.001907
0.0
0.001026
0.0
0.0
0.00167
0.0007296
0.0
0.0
0.0003781
0.0
0.0
0.001435
0.0
0.000514
0.0
0.0014925
0.0
0.002298
0.0
0.003452
0.0
0.002125
0.0
0.0
0.0
0.0
0.000642
0.000226
0.00449
0.0
0.0
0.00442
0.0
0.0
0.001633
0.0008564
0.000986
0.001823
0.002586
0.001644
0.0
0.0
0.0
0.0
0.0
0.0001872
0.00424
0.0
0.0
0.0
0.0
0.0
0.0
0.0
0.002825
0.0
0.0004303
0.0
0.001232
0.0008864
0.001527
5.555e-05
0.0
0.0
0.003735
0.0
0.0
0.0
0.001875
0.001807
0.0013485
0.0
0.0
0.0
0.0009537
0.0
0.0
0.000401
0.0
0.00196
0.0
0.002222
0.002602
0.0006247
0.0
0.0
0.0
0.0
2.89e-05
0.003147
0.0
0.0
0.00564
0.001226
3.92e-05
0.0
0.0
0.00396
0.0
0.00288
0.001371
0.0
0.003746
0.00119
0.001189
0.0
0.003796
0.002502
0.0004208
0.0
0.0
0.0008307
0.0012
0.0
0.001827
0.001945
0.001974
3.445e-05
0.0
0.002285
0.0
0.0
0.001524
0.0
0.0
0.002178
0.001419
0.0
6.47e-05
0.000848
0.0
0.002872
0.001982
0.0
0.002977
0.0
0.0
0.0
0.0
0.0006127
0.001495
0.0
0.0
0.0
0.0
0.00207
0.0
0.00256
0.002584
0.0
0.0
0.00334
0.000307
0.0
0.002623
0.000556
0.0
0.0
0.0
0.0
0.0
0.000783
7.87e-05
8.774e-05
0.0016775
0.003609
0.003605
0.002
0.002419
0.00196
0.0
0.0
0.001897
0.002983
0.003195
0.0
0.0
0.0
0.000524
8.076e-05
0.001396
0.0
0.0
0.003864
0.0
0.0
0.0004733
0.004425
0.0
0.0
0.000786
0.00293
0.002031
0.0
0.001794
0.0
0.001454
0.0
0.002136
0.0
0.0005426
0.001444
0.0
0.0006857
0.0
0.0
0.0
0.0008183
0.0
0.001851
0.000849
0.0
0.00217
0.0006347
0.0002111
0.0
0.0007796
0.003258
0.0
0.001518
0.0
0.002302
0.00174
0.001908
0.001545
0.0
0.0
0.0003548
0.002552
0.0
0.0
0.000996
0.00143
0.0
0.002262
0.0
0.0
0.0
0.0
0.001161
0.001446
0.002144
0.0008965
0.0
0.001795
0.002193
0.0
0.001616
0.001724
0.0
0.002497
0.0
0.002283
0.001598
0.002764
0.0007896
0.0
0.0
0.001467
0.0
0.001231
0.0
0.0
0.001502
0.0
0.003336
0.0
0.0
0.000887
0.0003963
0.0
0.0005713
0.0
0.0
0.0004334
0.0004368
0.0
0.0
0.0
0.0
0.0003953
0.0
0.0
0.0
0.000913
0.00256
0.001335
0.0001479
0.0
0.002167
0.0
0.0
0.001079
0.001366
0.000742
0.0
0.0
0.000764
0.0
0.001564
0.002077
0.001232
0.0
0.0003684
0.0003285
0.0
0.00074
0.0
0.0009155
0.0
3.1e-06
0.0005326
4.697e-05
0.0
0.001364
0.0003977
0.0
0.0
0.0001736
0.0
0.000484
8.494e-05
0.0001259
0.0
0.0004935
0.0
0.0
0.003712
0.001629
7.164e-05
0.000471
0.0
0.001249
0.0011835
0.001432
0.0003026
0.000256
0.00207
0.0
0.0
0.0
0.0001389
0.0
0.001054
0.0
0.0
0.0
0.0002222
0.000721
0.0
0.000925
0.0
0.0
0.0
0.001765
0.003347
0.001512
0.003578
0.001772
0.0
0.0006666
0.002998
0.0005693
0.0
0.0
0.0001668
0.0
0.003641
0.0
0.001559
0.0
0.001654
0.0
0.0
0.000546
0.001076
0.001455
0.0002089
0.0
0.0
0.002113
0.0
0.0
0.0005107
0.0
0.0
0.0
0.0
0.0002409
0.001009
0.0
0.00224
0.003433
0.0006247
0.0
0.001286
0.0
0.0
0.0
0.0
0.001383
0.0
0.002167
0.003521
0.0
0.0003803
0.0
0.0
0.0001249
1.68e-05
0.0004125
0.0001168
0.0
0.0001414
0.0
0.001095
0.000475
0.0
0.0
0.001889
0.0
0.0
0.0
0.001194
0.0
0.0003695
0.0
0.0008144
0.0
0.001608
0.0001245
0.0009403
0.0003433
0.0
0.0
0.0
0.0008225
0.001505
0.005013
0.002123
0.0001621
0.0
0.0009036
1.1e-06
0.0
0.002445
0.0
0.0
0.0
0.0
0.0
0.0
0.0
0.0005155
0.0
0.003834
0.0
0.0002346
0.0
0.003788
0.001907
0.0002298
0.0001338
0.001629
0.0
0.0
0.001401
0.0
0.001728
0.0
0.001279
0.0008745
0.0009727
0.0
0.001907
0.0
0.0
0.0
7.9e-05
0.0
0.002762
0.001034
0.0008388
0.000689
0.002129
0.000576
0.000331
0.0
0.0001227
0.001228
0.0
0.0
0.0
0.0
0.0
0.001186
0.0
0.0
0.0
0.001165
0.0004416
0.00116
0.000798
0.001688
5.054e-05
0.00265
0.001947
0.001026
0.00259
0.004005
0.0
0.002508
0.0006666
0.002115
0.0
0.001374
0.001479
0.0
0.00249
0.0
0.00189
0.0
0.0
6.616e-05
0.0
0.002071
0.0
0.0009117
0.001133
0.0
0.0
0.0006576
0.0
0.000592
0.00221
7.796e-05
0.0
0.0
1.91e-05
0.0008082
0.0
0.0
0.0
0.0
0.0
0.000934
0.0
0.0
0.001297
0.0
0.002028
0.001108
0.001635
0.0008287
0.0
0.0
0.0009203
0.001465
0.000525
0.000864
0.0
0.0
0.001359
0.00010043
0.002476
0.0
0.001013
0.0
0.0
0.00183
0.001239
0.0
0.0
0.0005465
0.001225
0.0
0.001701
0.0
0.0006084
0.003124
0.0
0.0001628
4.1e-05
0.001084
0.0
0.0
0.0
0.0
0.000176
0.0
0.0
0.000713
0.001187
0.002214
0.0
0.0
0.0
0.006554
0.0002725
0.0
0.003748
0.0
0.0
0.002583
0.0
0.0
0.002356
0.0
0.0
0.000699
0.0
0.0
0.0
0.0
0.0016575
0.0
0.001086
0.000548
0.001867
0.0
0.0
0.0002923
0.00331
0.0
0.0
0.0001885
0.001984
0.0
0.001463
0.0004072
0.0011635
0.00312
0.0002706
0.0
0.00292
0.001341
0.001298
0.002253
0.0007434
0.0
0.0007906
0.0
0.0
0.00033
0.0003076
0.0007944
0.001549
0.001968
0.0
0.001111
0.0
0.0
0.0
0.001048
0.003334
0.000459
0.0
0.0
0.0
0.0006633
0.001782
0.0
0.0
0.0
0.001598
0.001827
0.0
0.000511
0.0001253
0.001238
1.967e-05
4.1e-05
0.001488
0.0003176
8.595e-05
0.002014
0.002419
0.0
0.0
0.0
0.002287
0.0
0.0
0.002388
0.003302
0.0
0.00252
0.0
0.0
0.0
0.000189
0.0
0.0
0.001905
0.0
0.0
0.0008755
0.001293
0.0
0.003817
0.0
0.0
0.002577
0.0
0.0005183
0.00146
0.0
0.0
0.0
0.0
0.0
0.001913
0.002148
0.002745
0.0
0.0
0.001204
0.000663
0.001706
0.0
0.0
7.343e-05
0.0005794
0.0
0.0
0.00095
0.001833
0.001473
0.0012865
0.0005803
0.0
0.0
0.0
0.001308
0.0
0.002716
0.0
0.001079
0.0
0.00405
0.0
0.00335
0.0
0.001106
0.0
0.002457
0.0002122
0.002995
0.0
0.001726
0.0
0.0
0.0
0.002352
0.0002933
0.0004053
0.0
0.0
0.0007033
0.001941
0.001585
0.0
0.00145
0.001247
0.001621
0.0
0.0
0.0
0.0
0.001359
0.0
0.001583
0.001892
0.0
0.000743
0.001066
0.00249
0.0
0.001507
0.0
0.00262
0.0
0.000778
0.0
0.000265
0.0
0.0007296
0.0
0.0
0.0
0.0
0.0
0.0
0.003212
0.0
8.64e-05
0.0
0.0
0.0
0.0
0.000822
0.0
0.0
0.000277
0.001031
0.0
0.0001595
0.000915
0.0
0.0
0.0
0.001573
0.001793
0.0
0.0
7.27e-05
0.0
0.0
0.00161
0.0
0.0002847
0.0
0.001259
0.002602
0.0
0.002604
0.003826
0.0
7.15e-06
0.0
0.0
0.0
0.001254
0.0
7.9e-05
0.000735
0.0
0.0
0.0004272
0.0
0.001968
0.0
0.000121
0.00503
0.0
0.002058
0.0
0.0
0.001371
0.0
0.001686
0.0
0.001283
0.0006294
0.0
0.0
0.002653
0.00202
0.001072
0.003407
0.0
0.0
0.0
0.0
0.0
0.001198
0.001555
0.0
0.0
0.000896
0.002897
0.0
0.0001334
0.001
0.0
0.0
0.0
0.0
0.002903
0.002346
8.035e-05
0.0004845
0.001283
0.001308
0.0
0.0007796
5.615e-05
0.0
0.0
0.0007935
0.0
0.003424
0.0
0.003756
0.0
0.0
0.0
0.0008993
0.0004425
0.005028
0.0
0.000308
0.001164
0.0
0.0
5.364e-05
0.002165
0.0
0.0
0.0
0.000593
0.003187
0.000928
0.002743
0.0
0.0
0.001652
0.0009108
0.00294
0.0
0.003052
0.00486
0.001731
0.0
0.0
0.0002484
0.0008307
0.001377
0.0
0.0
0.001172
0.0
0.0002828
0.0
0.0
0.0
0.0
0.0
0.004726
0.003042
0.0
0.0
0.0
0.001331
0.002571
0.0004733
0.0
0.0
0.0
0.001543
0.0
0.0004272
0.0
0.0
0.002996
0.001154
0.0
0.0
0.0
0.0
0.001387
0.0
0.0
0.0
0.001053
0.0
0.00186
0.001793
0.0
0.002201
0.003193
0.0
0.0
0.002878
0.0
4.46e-05
0.0
0.0
0.002476
0.0
0.0
0.00084
0.003025
0.0
0.001476
0.0
0.0004134
0.0
0.0
0.0
0.001594
0.0
0.0012
0.001169
0.0
0.0
0.0
0.0
0.0
0.001671
0.0
0.0
0.0
0.003147
0.00225
0.0
0.000607
0.0
0.0004916
0.001635
0.0004025
4.32e-05
0.0
0.00105
0.003126
0.0
0.003307
0.0
0.0
0.0
0.0
0.0
0.0
0.000608
0.0
0.000716
0.001289
0.0
0.0004506
0.003017
0.0002701
0.0
0.0
0.001631
0.002876
0.002306
0.0006447
0.0
0.0
0.001949
0.002834
0.0
0.0
0.000603
0.0
0.0
0.003023
0.0
0.0
0.002405
0.0003364
0.0
0.00132
0.0004716
0.0
0.0
0.002087
0.0004385
0.0
0.0
0.0006733
0.0
0.001993
0.0
0.0
0.0
0.0
4.08e-05
0.001541
0.0
0.001455
0.0
0.000984
0.0
0.0
0.0
0.0
0.002968
0.00153
0.001883
0.0
0.0
0.0
0.00134
0.0
0.001687
0.00074
0.0
0.001326
0.0024
0.0
0.0
0.00259
0.0
0.0
0.000884
0.0
0.001687
0.0
0.0
0.0004435
0.0
0.00233
0.003435
0.0
0.0
0.000713
0.0
0.0
0.0005007
0.0
0.0
0.001359
0.0001619
0.002897
0.001597
0.0009704
0.002851
0.0
0.00324
0.0
0.0
0.001115
0.002449
0.0008173
0.0
0.001394
0.000822
0.0
0.0
0.003685
0.0
0.00061
0.0
0.0
6.545e-05
0.0
0.0
0.0
0.0
0.0
0.0
0.001753
0.0
0.0
0.0
0.0
0.0
0.0
0.0
0.0
0.001782
0.002335
0.0009575
0.000454
0.0005713
0.0001645
0.0004222
0.0
0.002762
0.0
0.0002205
0.0
0.00098
0.000286
0.0
0.0
0.0
0.0
0.0
0.0003285
0.001595
0.001594
0.00133
0.0
0.002623
0.0
0.001129
0.0
0.0
0.0
0.004364
0.0
0.004246
0.0
0.000767
0.0003457
0.00205
0.0
0.0
0.001189
0.0
0.0
0.0
0.000478
0.0
0.0
0.00597
0.0007887
0.0
0.001591
0.001125
0.002785
0.0
0.0
0.002115
0.001353
0.002216
0.0008726
0.0
7.12e-05
0.0
0.002552
0.0
0.0
0.0
0.0
0.002651
0.0
0.0
0.00296
0.001446
0.001415
0.001579
0.000773
0.0
0.002224
0.000997
0.0
0.0
0.0
0.000594
0.0003922
0.001042
0.0
0.0
0.000834
0.0
0.0
6.15e-05
0.0
0.001659
0.0
0.0
0.0
0.001976
0.003075
0.002182
0.00161
0.003407
0.0003064
0.0
0.0
0.0
0.0
0.001783
0.0001705
0.0
0.001479
0.0
0.0
0.0
0.00197
0.001346
0.0
0.000923
0.003006
0.0006227
0.001925
0.0
0.001591
0.001451
0.0
0.0
0.0
0.0
0.0
0.0
0.003277
0.0
0.001759
0.002352
0.0005913
0.0
0.000902
0.0005226
0.0
0.0
0.0
0.001283
0.0
0.001182
0.0
0.002329
0.0004048
0.0
0.001123
0.003761
0.003035
0.0005655
0.0
0.0
0.0
0.001069
0.0
0.0
0.0
0.0
9.626e-05
0.00411
0.001619
0.001434
0.0
0.002804
0.001288
0.001851
0.0
0.001053
0.002247
0.001325
0.0
0.002909
0.0
0.001582
0.002655
0.0
0.002396
0.0
0.000146
0.0009346
0.0
0.00277
0.001501
0.0
0.000453
0.0
6.38e-05
0.0
0.0
0.002293
9.19e-05
0.0
0.001124
0.00324
0.002172
0.002705
0.0
0.000834
0.002584
0.0001369
0.001094
1.42e-05
0.0007877
0.001391
0.0
0.0
0.000961
0.002956
0.0
0.0
0.0001996
0.0005693
0.0
0.0
0.0
0.001382
0.002441
0.0
0.00498
0.0002475
0.0
6.735e-05
0.0
0.000526
0.001438
0.002052
0.0
0.0
0.0
0.000432
0.0
0.002367
0.0014925
0.0
0.003487
0.0
0.0
0.0008674
0.001225
7.69e-05
0.0
0.0
0.002214
0.003124
0.0
0.001311
0.001536
0.0
0.0
0.0
0.000673
0.0
0.0
0.0
0.0005193
0.0
0.0
0.0
0.0
0.000775
0.0006747
0.0
0.000307
0.0
0.0
0.0
0.001612
0.001139
0.0
0.0
0.001512
0.0
0.0
0.0
0.0
0.000352
0.0
0.0
0.002983
0.0
0.0
0.0
0.0001819
0.0
0.001982
0.0
0.002184
0.0008707
0.003004
0.0002742
0.0
0.001731
0.0
0.000902
0.005497
0.001769
0.000716
0.001527
0.0
0.002672
0.004196
0.00317
0.0
0.000963
0.0
0.004353
0.0
0.0007286
0.00246
0.001283
7.87e-06
0.0
0.0
0.0008802
0.000451
0.002937
0.0001595
0.0
0.00246
0.001949
0.001442
0.001121
0.00349
0.0003135
0.002579
0.0
0.0
0.0
0.0
0.0005174
0.002522
0.002575
0.0
0.001792
0.0
0.0
0.000256
0.000944
0.003016
0.002285
0.002443
9.25e-05
0.0009212
0.0
0.003418
0.0006933
0.0005956
0.0
0.001642
0.002506
0.00148
0.00054
0.003536
0.002182
0.0
0.0008125
0.0010805
0.0
0.0003748
0.001459
7.18e-05
0.0
0.002926
0.0
0.002432
0.0003955
0.0
0.0
0.0007935
0.0009255
0.0
0.0
0.0
0.0
0.0
0.0
0.0
0.00389
0.00189
0.0010605
0.000982
0.001062
0.000828
0.0001843
0.0
0.0
0.0
0.0
0.0
0.0009446
0.0
0.0001476
0.0
0.003834
0.0
0.0007477
0.0001472
0.0
0.000918
0.0
0.001775
0.002138
0.00165
0.0
0.0005407
0.00010085
0.0005493
0.002697
0.0
0.001559
0.002115
0.00273
0.0
0.001231
0.00052
0.0006747
0.001712
0.002054
0.001917
0.002224
0.000923
0.001426
0.00243
0.0027
0.0
0.00442
0.000884
0.0
0.003757
0.002945
0.0
0.0
0.0
0.003902
0.002014
0.0
0.002813
0.0
0.0
0.0
0.0
0.002321
0.002712
0.0
0.0
0.0
0.0
0.0008464
0.0
0.0
0.0002086
0.0
0.0
0.0
0.0
0.0
0.0
0.0001508
0.001842
0.0
0.0
0.000578
0.0
0.000991
0.0
0.0008483
0.0
0.0003648
0.0
0.0
0.00247
0.00242
0.0
0.0004425
0.003283
0.002577
0.0
0.000862
0.0
0.002388
0.0
0.0
0.0
0.0
0.0
0.001677
0.001482
0.0009527
0.0007105
0.0
0.0
0.003117
0.0
0.0009212
0.0
0.0
0.0
0.00306
0.0
0.001139
0.0003002
0.001919
0.000692
0.0
0.002232
0.0
0.0
0.0
0.0
0.000897
0.0
0.00071
0.00512
0.002934
0.0
0.0006413
0.0
0.0
0.0
1.86e-05
0.002071
0.0
0.001568
0.0
0.001112
0.0002747
0.001429
0.0006194
0.001179
0.002617
0.002249
0.001345
0.0
0.0
0.0
0.003168
0.0
0.0
0.001974
0.0
0.00232
0.0
0.0
0.0
0.0002089
0.0
0.000988
0.0
0.0004287
0.0
0.0
0.001085
0.0
5.037e-05
0.002249
0.0004425
0.0
0.0008955
0.0004766
0.0
0.002558
0.0
0.001214
0.003471
0.002655
0.0
0.000653
0.0
0.0
0.001867
0.002035
0.0
0.001654
0.0
0.00217
0.002073
2.337e-05
0.00126
0.0
0.002928
0.003178
0.0
0.0
0.001037
0.0
0.001868
0.001601
0.000599
0.0
0.001978
0.0
0.000311
0.001346
0.002367
0.000311
0.00193
0.0
0.0002458
0.0003493
0.0
0.001525
0.0
0.0
0.0
0.001047
0.0
0.0
0.001966
0.0
0.0
0.0008492
0.0006227
0.0
0.002232
0.000533
0.004562
0.0
0.0
0.0
0.0
0.001267
0.002293
0.00185
0.0
0.0
0.0
0.00207
0.0
0.002071
0.001081
0.001287
0.000678
0.0
0.0
0.002293
0.0005465
0.000668
0.001893
0.0
0.0
0.0
0.0
0.001269
0.0
0.0
0.001565
0.0
0.000856
0.0
0.0
0.0
0.0
0.003292
0.001951
9.06e-06
0.0
0.001972
0.0
0.002125
0.0
9.406e-05
0.002392
0.0
0.001416
0.00144
0.0
0.001469
0.000354
0.0
0.0
0.0001956
0.0
0.000859
0.0
0.0
0.001321
0.0006194
0.002033
0.0
0.000966
0.001764
0.00282
0.0
0.001553
0.0
0.0007877
0.0
0.0
0.000598
0.0
0.0
0.0
0.001869
0.00347
0.001145
0.001635
0.0
0.0
0.00131
0.000691
0.0
0.001501
0.0
0.000905
0.0
0.003529
0.0
0.0
0.001012
0.0
0.002584
0.003895
0.0
0.002735
0.000686
0.0
0.0
0.000951
0.0
0.0
0.0
0.0
0.0001533
0.0
0.002796
0.0
0.001511
0.001047
0.0
0.00082
0.003582
0.000696
0.0
0.0
0.0
0.0
0.000739
0.0
0.00277
0.0
0.0001802
0.0
0.003836
0.0
0.00278
0.0
0.0
0.0
0.0
0.0
0.002287
0.0
0.002287
0.0
0.001212
0.0
0.0009594
0.0
0.0
6.676e-05
0.0001388
0.0005713
0.0
0.0
0.0
0.0008535
0.003328
0.0
0.00311
0.0002183
0.001773
0.001296
3.964e-05
0.0
0.0
0.002214
0.0
0.002155
0.0003374
0.002008
0.001199
0.0009117
0.004868
0.002249
0.0
0.0
0.001765
0.002604
0.0
0.0013685
0.0
0.0
0.0
0.0
0.0004773
0.0
0.0
0.0
0.002844
0.0
0.0
0.00199
0.0
0.0001587
0.0
0.0
0.001726
0.003132
0.0
0.0
0.001726
0.0
0.000676
0.0
0.0
0.003862
0.001003
0.0003493
0.0
0.0
0.0
0.000417
0.002115
0.0
0.000997
0.0
0.002422
0.0
0.000574
0.001213
0.001207
0.0
0.0
0.0
0.0
0.002201
0.00303
0.0
0.00156
0.0001651
0.0
0.0
0.0
0.0
0.0
0.0
0.00011146
0.0
0.00198
0.001045
0.002552
0.0
0.0
0.001589
0.00235
0.0
0.0
0.001717
0.0001557
0.0
0.0001723
0.0
0.001938
0.0
0.002222
0.002869
0.0
0.0
0.0004702
0.003231
0.0
0.0
0.0
0.0
0.0007286
0.0
0.0
0.0002111
0.002039
0.0001438
0.0
0.0
0.001051
0.001253
0.0
0.000383
0.000627
0.0
0.0
0.0
0.001622
0.0
0.001295
0.0003104
0.0
3.23e-05
0.0
0.0
0.00032
0.0001837
0.0003955
0.001373
0.00098
0.0
0.0003104
0.001259
0.001048
6.247e-05
0.0
0.0
0.0
0.0010195
0.003674
0.0004017
0.0
0.0
0.0
0.0006447
0.002686
0.0
0.0
0.001881
0.0014925
0.0
0.003622
0.0
0.000536
1.06e-05
0.003225
0.0
0.0
0.000775
0.0
0.0
0.002262
0.001322
3.695e-05
0.001174
0.0
0.001938
0.0
0.0
0.001009
0.0
0.000673
0.000882
0.0
0.0
0.0
0.003836
0.000556
0.0
0.0
0.0
0.003622
0.0006437
0.0
0.002516
0.0
0.0
0.000559
0.001518
0.00089
0.0
0.0
0.001832
0.0
0.0
0.0
0.00149
0.0004303
0.0007005
0.0
0.0
0.004284
0.0
0.002272
0.0
0.0
0.000882
0.00404
0.0
0.0005465
0.0
0.003374
0.0001019
0.000979
0.0005846
0.0
0.0
0.0
0.0
0.003283
0.00082
0.0
0.001486
0.0002701
0.0
0.002964
0.001397
0.002155
0.0
0.001669
0.001551
0.0003445
0.0
0.00283
0.003918
0.002033
0.001283
0.002281
0.0008783
0.0
0.0
0.0
8.97e-05
0.0
0.0
0.0
0.00201
0.0
0.0
0.0
0.002636
0.001524
0.0
0.001788
0.0001019
0.0
0.0
0.0
0.0
0.000992
0.001521
0.003054
0.0
0.001559
0.003624
0.0
0.0
0.003538
0.0
0.001715
0.002258
0.0
0.001171
0.0
0.0
0.00124
0.00231
0.0
0.0006647
0.0
0.0005383
0.0
0.001638
0.002056
0.0003076
0.0
0.0
0.0
0.0003123
0.001766
0.0
0.0
0.001511
0.00288
0.0
0.00218
0.0
0.002083
0.0
0.0004244
0.0
0.00182
0.0
0.0
0.001278
0.000996
0.0
0.0
0.001305
0.0
0.0001986
0.0
0.0
0.001435
0.000536
0.0
0.0
0.004074
0.00333
0.0
0.0016365
0.003334
0.001926
0.004116
0.0
0.00054
0.0
0.000826
0.003016
0.0
0.000123
0.0003397
0.0
0.002777
0.0
0.0
0.002357
0.0
0.0
0.0
0.0
0.0
0.001976
0.0007005
0.0
0.0
0.003304
0.000804
0.0
0.002424
0.0
0.0
0.001069
0.0
0.000959
0.0008736
0.001206
0.002186
0.0
0.003006
0.0004358
0.0
0.0
0.001893
0.0
0.0
0.0
0.001791
0.0
0.001768
0.0
0.001306
0.0
0.0
0.0
0.0004303
0.0
0.0
0.0003064
0.0
0.0010605
0.0
0.0
0.0
0.0
0.0002155
0.002586
0.00195
0.0
0.0
0.000675
0.0
0.001429
0.0
0.0004876
0.0
0.0006523
0.0
0.0
0.0
0.002579
0.0
0.0
0.0004802
0.0
0.0
0.0
0.0
1.68e-05
0.0
0.001503
0.001331
0.0
0.0
0.0007687
0.0
0.002134
0.004078
0.0
0.00247
0.0
0.0
0.001242
0.0
0.0
0.0001213
0.0
0.0
0.0003483
0.0
0.0009985
0.00064
0.001354
0.001713
0.0
0.0
0.0
0.0
0.0
0.0
0.0
0.002361
0.0
0.00153
0.001755
0.0
0.0001936
0.0
0.0
0.0
0.0002847
0.0
0.003672
0.0008106
0.0
0.00185
0.001916
0.0008254
0.0
0.0005865
0.0003572
0.002106
0.0
0.0002587
0.0
0.002064
0.000501
0.001944
0.0
0.0
0.001667
0.0
0.0001215
0.0
0.0
0.002632
0.0
0.0
0.0
0.001541
0.0
0.001506
0.0
0.003204
0.0
0.0
0.0
0.0
0.0
0.0
0.0005407
0.0
0.0
0.000983
0.002617
0.0
0.0
0.001736
0.0
0.0005093
0.00101
0.0
0.0
0.0
0.00372
0.0
0.0003674
0.001768
0.0
0.000751
0.0
0.0
0.001469
0.000939
0.003775
0.0
0.001039
0.0
0.0
0.0
0.0003104
0.0
0.002312
0.0
0.0007067
0.0
0.0017605
0.0
0.0
0.001934
0.0
0.0018835
0.0
0.0
0.0
0.0
0.0
0.0
0.0
0.0
0.0
0.0008593
0.0
0.0
0.0
0.0
0.002321
0.0
0.0
0.0
0.0
0.001353
0.00139
0.0007873
0.0008183
0.0
0.0
0.003538
0.002323
0.0
0.0006237
0.001521
0.0
0.001459
0.001174
0.0
0.0008464
0.0
0.001007
0.0027
0.00208
0.003614
0.0
0.0002909
0.0
0.0
0.002617
0.001039
6.69e-05
0.0
0.00176
0.0
0.0
0.003345
0.0
0.0
0.001272
0.000243
0.0
0.0
0.0
0.0
0.0004997
0.001031
0.003609
0.0
0.00097
0.0
0.0006485
0.0
0.0
0.0
0.001923
0.001163
0.0002708
0.0
0.001724
0.0008197
0.0
0.000928
0.002522
0.0
0.0
0.002796
0.0
0.001072
0.0
0.0008082
0.0
0.0
0.001517
0.0
0.000528
0.0
0.0
0.001579
0.0
0.0
0.001115
0.001104
0.0003302
0.0
0.0
0.0
0.0
0.0
0.0
0.0
0.000983
0.0
0.0
0.002
0.0002935
0.0004587
0.0004344
0.0
0.002144
0.001874
0.0002195
0.0
0.002337
0.000262
0.0019245
0.000462
0.0
0.000756
0.001712
0.000392
0.0
0.00256
0.0
0.0
0.002682
0.001231
0.003721
0.002111
0.0
0.001938
0.0
0.002079
0.0
0.001986
0.0
0.0023
0.0002546
0.0
0.002426
0.0
7.87e-05
0.0
0.0002959
0.0
0.0
0.001385
0.0004256
0.0002334
0.0
0.0
0.001352
0.0
0.0
0.003168
0.0005283
0.0
0.00084
0.0
0.000572
0.001506
8.535e-05
4.65e-06
0.0
0.0
0.0
0.0001013
0.002724
0.002594
0.0
0.003252
0.0
0.0
0.0005164
0.0004125
0.0
0.0
0.0009747
0.002077
0.000948
0.0
0.000702
0.0004566
0.002213
0.001501
0.000964
0.001457
0.0
0.0
0.0
0.0
0.0
0.0002673
0.001705
0.0
0.0007095
0.0
0.0
0.001207
0.0
0.00355
0.0014925
0.0
0.0
0.0
0.0004668
0.0
0.0
0.0
0.0
0.002497
0.0
0.003222
0.0
0.000818
0.0009527
0.0
0.0003772
0.000994
0.0002952
0.0
0.001621
0.002691
0.000931
0.003786
0.000732
8.33e-05
0.0
0.0
0.001549
0.003685
0.002172
0.0
0.0
0.001495
0.00299
0.0
0.002079
0.0
0.0
0.0
8.95e-05
0.0
0.0
0.0
0.00346
0.0
5.29e-05
0.0
0.001297
0.0
0.001898
0.0001525
0.0
0.0
0.00259
0.0
0.0
0.003517
0.0002086
0.0
0.0
0.002104
0.002947
0.0008297
0.0
0.0
0.001521
0.0
0.001646
0.0
0.001422
0.001721
0.002338
0.0
0.0
0.0
0.0
0.0008416
0.0
0.001192
0.00298
2.1e-06
0.0
0.0002627
0.002127
0.0001502
0.001922
0.0
0.003021
0.0
0.0
0.0
0.0
0.0
0.002012
0.0
0.0
0.003246
0.002758
0.0
0.0
0.0
0.0
0.0
0.0
0.000913
0.001419
0.0
0.0007563
0.001165
0.0
0.0
0.001712
0.0
0.003399
0.002872
0.0
0.0
0.0
0.0
0.00011337
0.0
0.0
0.0
0.002611
0.0003288
0.001347
0.0
0.002808
0.0
0.001553
0.001525
0.001654
0.002344
0.002659
0.001002
0.004036
0.001069
0.0004838
0.002138
0.0
0.001391
0.00147
0.00252
0.001255
5.543e-05
0.0
0.0
0.0004559
0.0
0.004494
0.0
0.0
0.0
0.00052
0.0
0.0
0.00247
0.0
0.0
0.00077
0.001138
0.0004287
0.0
0.00185
0.0
0.0004344
0.000422
0.0002005
0.000611
0.0
0.0
0.0
0.0003839
0.000461
0.0
0.0
5.84e-05
0.0
0.0
0.0006714
0.0004072
0.0
0.0
0.0
0.0005493
0.002813
0.001287
0.003914
0.0
0.0
0.001984
0.0
7.045e-05
0.0
0.0
0.002316
0.0
0.0
0.0
0.002352
0.0
0.000802
0.0009594
0.001438
0.001587
0.0
7.42e-05
0.0
0.0004373
0.0008254
0.001384
0.0
0.000529
0.0
0.0
0.00064
0.0
0.0
0.0
0.0
0.001026
0.003805
0.0
0.00136
0.000568
0.0009513
0.003574
0.0
0.0
0.0003352
0.0
0.002165
0.001276
0.0
0.0
0.0
0.0
0.000756
0.000322
0.0
0.0
0.0
0.001546
0.002537
0.0001128
0.001276
0.0
0.0
0.0
0.0
0.0009584
0.0
0.0
0.000585
0.0
0.002802
0.001206
0.0
0.0
0.001209
0.0
0.000741
0.002026
0.0
0.0
0.000608
0.0
0.00146
0.0001992
0.0005407
0.0003815
0.0
0.000967
0.001098
0.001724
0.0
0.0
0.001539
0.00149
0.000307
0.0005965
0.002558
0.002274
0.0008707
0.0
0.0
0.0
0.0
0.0
0.0
0.00023
0.0
0.0
0.001191
0.0
0.0
0.001945
0.0
0.0
0.001606
0.000961
0.002193
0.0009727
0.0
0.0
0.0008845
0.0
0.002045
0.0
0.0006795
0.0
0.0
0.0
0.001896
0.0
0.001009
0.00217
0.0007534
0.002499
0.0
0.0
0.001635
0.0009255
0.002935
0.0
0.001234
0.000507
0.001308
0.00031
0.0
0.0
0.002869
0.0
0.002422
0.00309
0.0
0.0003352
0.0007715
0.001439
0.0
0.0
0.00125
0.0
0.0
0.0008364
0.0
0.003513
0.003014
0.0
0.0
0.0
0.000999
0.001043
0.0
0.0005865
0.00121
0.0
0.0
0.001966
0.0
0.000861
0.0
0.001874
0.001507
0.0
0.001053
0.0
0.0
0.0
0.0
0.00332
0.0
0.002005
0.0008287
0.0
0.0006504
0.0
0.002098
0.000428
0.0
0.00111
0.000789
0.0
0.000592
0.0
0.0
0.0
0.002308
0.001869
0.00105
0.003265
0.0
0.0003767
0.0
0.0
0.0
0.004295
0.001544
0.0001633
0.0
0.000553
0.0
0.0
0.000677
0.0
0.0
0.001564
0.0002716
0.001345
0.0005846
0.004597
0.002552
0.0
0.0
0.001078
0.0
0.0
0.0
0.0
0.0004725
0.0
0.0
0.001852
0.00036
0.0
0.0
0.0
0.00164
0.0
0.0
0.0
0.00011414
4.26e-05
0.0
4.72e-05
2.635e-05
6.807e-05
0.0
0.0
0.0
0.0
0.0
0.0
0.000602
0.000996
0.0
0.0001818
0.0
0.000462
0.0
0.0
0.0
0.001052
0.002956
0.0
5.97e-05
0.001074
0.0
0.0
1.56e-05
0.0
0.0
0.0
0.0
0.001473
0.0
0.0007696
0.0
0.001137
0.002483
0.0
0.001241
0.0
0.000687
0.0
0.00266
0.0
0.003168
0.00234
0.00267
0.0
0.001104
0.0
0.0
0.0
0.0021
0.0
0.0
0.000987
0.001258
0.001193
0.000792
0.001326
0.0
0.0
0.0
0.0004478
0.0
0.0
0.002146
0.002306
0.0
0.0003953
0.002113
0.0
0.0
0.0017605
0.0
0.0007057
0.000739
0.002083
0.000677
0.001283
0.0
0.0
0.000758
0.0004077
0.000963
0.0024
0.0
0.0
0.0
0.00216
0.002851
0.0
0.0
0.0
0.000123
0.000983
0.00157
0.0005617
0.001003
0.0
0.0
0.0
0.0
0.0
0.0006695
0.000639
0.001776
0.002075
0.004276
0.0
0.0
0.001591
0.0
0.001725
0.0
0.002808
0.000978
0.000454
0.002012
0.001544
0.0009513
0.0
0.0
0.0
0.0
0.003094
0.0004015
0.0005474
0.0
0.001654
0.0
0.0
0.0
0.0
0.0
0.0
0.0
0.0003026
0.0
0.0
0.0
0.0
6.57e-05
0.000266
0.002546
0.0
0.001769
0.0
0.0
0.0007243
0.0
0.0
0.001175
0.0
0.002693
0.0
0.0
0.0
0.0
0.001738
0.001487
0.001436
0.0
0.000837
0.00356
0.0
0.0
0.0
5.25e-06
0.0
0.0012865
0.0
0.002487
0.002928
0.0
0.0
0.0
0.001665
0.001076
0.0
0.002102
0.0002952
0.002214
0.001507
0.0013275
0.0
0.0
0.0
